30 500
29 469
28 439
27 410
26 382
25 355
24 329
23 304
22 280
21 257
20 235
19 214
18 194
17 175
16 157
15 140
14 124
13 109
12 95
11 82
10 70
9 59
8 49
7 40
6 32
5 25
4 19
3 14
2 10
1 7
1 6
1 5
1 4
1 3
1 2
1 1
2 9
2 8
2 7
2 6
2 5
2 4
2 3
2 2
2 1
1 10
1 9
1 8
3 13
3 12
3 11
3 10
3 9
3 8
3 7
3 6
3 5
3 4
3 3
3 2
3 1
2 14
1 11
2 13
2 12
2 11
1 12
1 13
1 14
4 18
4 17
4 16
4 15
4 14
4 13
4 12
4 11
4 10
4 9
4 8
4 7
4 6
4 5
4 4
4 3
4 2
4 1
3 19
2 15
1 15
3 18
3 17
3 16
3 15
1 16
1 17
1 18
1 19
2 19
2 18
2 17
2 16
5 24
5 23
5 22
5 21
5 20
5 19
5 18
5 17
5 16
5 15
5 14
5 13
5 12
5 11
5 10
5 9
5 8
5 7
5 6
5 5
5 4
5 3
5 2
5 1
4 25
3 20
2 20
1 20
4 24
4 23
4 22
4 21
4 20
1 21
1 22
1 23
1 24
1 25
3 25
2 21
3 24
3 23
3 22
3 21
2 22
2 23
2 24
2 25
6 31
6 30
6 29
6 28
6 27
6 26
6 25
6 24
6 23
6 22
6 21
6 20
6 19
6 18
6 17
6 16
6 15
6 14
6 13
6 12
6 11
6 10
6 9
6 8
6 7
6 6
6 5
6 4
6 3
6 2
6 1
5 32
4 26
3 26
1 26
2 26
5 31
5 30
5 29
5 28
5 27
5 26
1 27
1 28
1 29
1 30
1 31
1 32
4 32
3 27
2 27
4 31
4 30
4 29
4 28
4 27
2 28
2 29
2 30
2 31
2 32
3 32
3 31
3 30
3 29
3 28
7 39
7 38
7 37
7 36
7 35
7 34
7 33
7 32
7 31
7 30
7 29
7 28
7 27
7 26
7 25
7 24
7 23
7 22
7 21
7 20
7 19
7 18
7 17
7 16
7 15
7 14
7 13
7 12
7 11
7 10
7 9
7 8
7 7
7 6
7 5
7 4
7 3
7 2
7 1
6 40
5 33
4 33
1 33
3 33
2 33
6 39
6 38
6 37
6 36
6 35
6 34
6 33
1 34
1 35
1 36
1 37
1 38
1 39
1 40
5 40
4 34
3 34
2 34
5 39
5 38
5 37
5 36
5 35
5 34
2 35
2 36
2 37
2 38
2 39
2 40
4 40
3 35
4 39
4 38
4 37
4 36
4 35
3 36
3 37
3 38
3 39
3 40
8 48
8 47
8 46
8 45
8 44
8 43
8 42
8 41
8 40
8 39
8 38
8 37
8 36
8 35
8 34
8 33
8 32
8 31
8 30
8 29
8 28
8 27
8 26
8 25
8 24
8 23
8 22
8 21
8 20
8 19
8 18
8 17
8 16
8 15
8 14
8 13
8 12
8 11
8 10
8 9
8 8
8 7
8 6
8 5
8 4
8 3
8 2
8 1
7 49
6 41
5 41
1 41
4 41
2 41
3 41
7 48
7 47
7 46
7 45
7 44
7 43
7 42
7 41
1 42
1 43
1 44
1 45
1 46
1 47
1 48
1 49
6 49
5 42
4 42
3 42
2 42
6 48
6 47
6 46
6 45
6 44
6 43
6 42
2 43
2 44
2 45
2 46
2 47
2 48
2 49
5 49
4 43
3 43
5 48
5 47
5 46
5 45
5 44
5 43
3 44
3 45
3 46
3 47
3 48
3 49
4 49
4 48
4 47
4 46
4 45
4 44
9 58
9 57
9 56
9 55
9 54
9 53
9 52
9 51
9 50
9 49
9 48
9 47
9 46
9 45
9 44
9 43
9 42
9 41
9 40
9 39
9 38
9 37
9 36
9 35
9 34
9 33
9 32
9 31
9 30
9 29
9 28
9 27
9 26
9 25
9 24
9 23
9 22
9 21
9 20
9 19
9 18
9 17
9 16
9 15
9 14
9 13
9 12
9 11
9 10
9 9
9 8
9 7
9 6
9 5
9 4
9 3
9 2
9 1
8 59
7 50
6 50
1 50
5 50
2 50
4 50
3 50
8 58
8 57
8 56
8 55
8 54
8 53
8 52
8 51
8 50
1 51
1 52
1 53
1 54
1 55
1 56
1 57
1 58
1 59
7 59
6 51
5 51
4 51
2 51
3 51
7 58
7 57
7 56
7 55
7 54
7 53
7 52
7 51
2 52
2 53
2 54
2 55
2 56
2 57
2 58
2 59
6 59
5 52
4 52
3 52
6 58
6 57
6 56
6 55
6 54
6 53
6 52
3 53
3 54
3 55
3 56
3 57
3 58
3 59
5 59
4 53
5 58
5 57
5 56
5 55
5 54
5 53
4 54
4 55
4 56
4 57
4 58
4 59
10 69
10 68
10 67
10 66
10 65
10 64
10 63
10 62
10 61
10 60
10 59
10 58
10 57
10 56
10 55
10 54
10 53
10 52
10 51
10 50
10 49
10 48
10 47
10 46
10 45
10 44
10 43
10 42
10 41
10 40
10 39
10 38
10 37
10 36
10 35
10 34
10 33
10 32
10 31
10 30
10 29
10 28
10 27
10 26
10 25
10 24
10 23
10 22
10 21
10 20
10 19
10 18
10 17
10 16
10 15
10 14
10 13
10 12
10 11
10 10
10 9
10 8
10 7
10 6
10 5
10 4
10 3
10 2
10 1
9 70
8 60
7 60
1 60
6 60
2 60
5 60
3 60
4 60
9 69
9 68
9 67
9 66
9 65
9 64
9 63
9 62
9 61
9 60
1 61
1 62
1 63
1 64
1 65
1 66
1 67
1 68
1 69
1 70
8 70
7 61
6 61
5 61
2 61
4 61
3 61
8 69
8 68
8 67
8 66
8 65
8 64
8 63
8 62
8 61
2 62
2 63
2 64
2 65
2 66
2 67
2 68
2 69
2 70
7 70
6 62
5 62
4 62
3 62
7 69
7 68
7 67
7 66
7 65
7 64
7 63
7 62
3 63
3 64
3 65
3 66
3 67
3 68
3 69
3 70
6 70
5 63
4 63
6 69
6 68
6 67
6 66
6 65
6 64
6 63
4 64
4 65
4 66
4 67
4 68
4 69
4 70
5 70
5 69
5 68
5 67
5 66
5 65
5 64
11 81
11 80
11 79
11 78
11 77
11 76
11 75
11 74
11 73
11 72
11 71
11 70
11 69
11 68
11 67
11 66
11 65
11 64
11 63
11 62
11 61
11 60
11 59
11 58
11 57
11 56
11 55
11 54
11 53
11 52
11 51
11 50
11 49
11 48
11 47
11 46
11 45
11 44
11 43
11 42
11 41
11 40
11 39
11 38
11 37
11 36
11 35
11 34
11 33
11 32
11 31
11 30
11 29
11 28
11 27
11 26
11 25
11 24
11 23
11 22
11 21
11 20
11 19
11 18
11 17
11 16
11 15
11 14
11 13
11 12
11 11
11 10
11 9
11 8
11 7
11 6
11 5
11 4
11 3
11 2
11 1
10 82
9 71
8 71
1 71
7 71
2 71
6 71
3 71
5 71
4 71
10 81
10 80
10 79
10 78
10 77
10 76
10 75
10 74
10 73
10 72
10 71
1 72
1 73
1 74
1 75
1 76
1 77
1 78
1 79
1 80
1 81
1 82
9 82
8 72
7 72
6 72
2 72
5 72
3 72
4 72
9 81
9 80
9 79
9 78
9 77
9 76
9 75
9 74
9 73
9 72
2 73
2 74
2 75
2 76
2 77
2 78
2 79
2 80
2 81
2 82
8 82
7 73
6 73
5 73
4 73
3 73
8 81
8 80
8 79
8 78
8 77
8 76
8 75
8 74
8 73
3 74
3 75
3 76
3 77
3 78
3 79
3 80
3 81
3 82
7 82
6 74
5 74
4 74
7 81
7 80
7 79
7 78
7 77
7 76
7 75
7 74
4 75
4 76
4 77
4 78
4 79
4 80
4 81
4 82
6 82
5 75
6 81
6 80
6 79
6 78
6 77
6 76
6 75
5 76
5 77
5 78
5 79
5 80
5 81
5 82
12 94
12 93
12 92
12 91
12 90
12 89
12 88
12 87
12 86
12 85
12 84
12 83
12 82
12 81
12 80
12 79
12 78
12 77
12 76
12 75
12 74
12 73
12 72
12 71
12 70
12 69
12 68
12 67
12 66
12 65
12 64
12 63
12 62
12 61
12 60
12 59
12 58
12 57
12 56
12 55
12 54
12 53
12 52
12 51
12 50
12 49
12 48
12 47
12 46
12 45
12 44
12 43
12 42
12 41
12 40
12 39
12 38
12 37
12 36
12 35
12 34
12 33
12 32
12 31
12 30
12 29
12 28
12 27
12 26
12 25
12 24
12 23
12 22
12 21
12 20
12 19
12 18
12 17
12 16
12 15
12 14
12 13
12 12
12 11
12 10
12 9
12 8
12 7
12 6
12 5
12 4
12 3
12 2
12 1
11 95
10 83
9 83
1 83
8 83
2 83
7 83
3 83
6 83
4 83
5 83
11 94
11 93
11 92
11 91
11 90
11 89
11 88
11 87
11 86
11 85
11 84
11 83
1 84
1 85
1 86
1 87
1 88
1 89
1 90
1 91
1 92
1 93
1 94
1 95
10 95
9 84
8 84
7 84
2 84
6 84
3 84
5 84
4 84
10 94
10 93
10 92
10 91
10 90
10 89
10 88
10 87
10 86
10 85
10 84
2 85
2 86
2 87
2 88
2 89
2 90
2 91
2 92
2 93
2 94
2 95
9 95
8 85
7 85
6 85
5 85
3 85
4 85
9 94
9 93
9 92
9 91
9 90
9 89
9 88
9 87
9 86
9 85
3 86
3 87
3 88
3 89
3 90
3 91
3 92
3 93
3 94
3 95
8 95
7 86
6 86
5 86
4 86
8 94
8 93
8 92
8 91
8 90
8 89
8 88
8 87
8 86
4 87
4 88
4 89
4 90
4 91
4 92
4 93
4 94
4 95
7 95
6 87
5 87
7 94
7 93
7 92
7 91
7 90
7 89
7 88
7 87
5 88
5 89
5 90
5 91
5 92
5 93
5 94
5 95
6 95
6 94
6 93
6 92
6 91
6 90
6 89
6 88
13 108
13 107
13 106
13 105
13 104
13 103
13 102
13 101
13 100
13 99
13 98
13 97
13 96
13 95
13 94
13 93
13 92
13 91
13 90
13 89
13 88
13 87
13 86
13 85
13 84
13 83
13 82
13 81
13 80
13 79
13 78
13 77
13 76
13 75
13 74
13 73
13 72
13 71
13 70
13 69
13 68
13 67
13 66
13 65
13 64
13 63
13 62
13 61
13 60
13 59
13 58
13 57
13 56
13 55
13 54
13 53
13 52
13 51
13 50
13 49
13 48
13 47
13 46
13 45
13 44
13 43
13 42
13 41
13 40
13 39
13 38
13 37
13 36
13 35
13 34
13 33
13 32
13 31
13 30
13 29
13 28
13 27
13 26
13 25
13 24
13 23
13 22
13 21
13 20
13 19
13 18
13 17
13 16
13 15
13 14
13 13
13 12
13 11
13 10
13 9
13 8
13 7
13 6
13 5
13 4
13 3
13 2
13 1
12 109
11 96
10 96
1 96
9 96
2 96
8 96
3 96
7 96
4 96
6 96
5 96
12 108
12 107
12 106
12 105
12 104
12 103
12 102
12 101
12 100
12 99
12 98
12 97
12 96
1 97
1 98
1 99
1 100
1 101
1 102
1 103
1 104
1 105
1 106
1 107
1 108
1 109
11 109
10 97
9 97
8 97
2 97
7 97
3 97
6 97
4 97
5 97
11 108
11 107
11 106
11 105
11 104
11 103
11 102
11 101
11 100
11 99
11 98
11 97
2 98
2 99
2 100
2 101
2 102
2 103
2 104
2 105
2 106
2 107
2 108
2 109
10 109
9 98
8 98
7 98
6 98
3 98
5 98
4 98
10 108
10 107
10 106
10 105
10 104
10 103
10 102
10 101
10 100
10 99
10 98
3 99
3 100
3 101
3 102
3 103
3 104
3 105
3 106
3 107
3 108
3 109
9 109
8 99
7 99
6 99
5 99
4 99
9 108
9 107
9 106
9 105
9 104
9 103
9 102
9 101
9 100
9 99
4 100
4 101
4 102
4 103
4 104
4 105
4 106
4 107
4 108
4 109
8 109
7 100
6 100
5 100
8 108
8 107
8 106
8 105
8 104
8 103
8 102
8 101
8 100
5 101
5 102
5 103
5 104
5 105
5 106
5 107
5 108
5 109
7 109
6 101
7 108
7 107
7 106
7 105
7 104
7 103
7 102
7 101
6 102
6 103
6 104
6 105
6 106
6 107
6 108
6 109
14 123
14 122
14 121
14 120
14 119
14 118
14 117
14 116
14 115
14 114
14 113
14 112
14 111
14 110
14 109
14 108
14 107
14 106
14 105
14 104
14 103
14 102
14 101
14 100
14 99
14 98
14 97
14 96
14 95
14 94
14 93
14 92
14 91
14 90
14 89
14 88
14 87
14 86
14 85
14 84
14 83
14 82
14 81
14 80
14 79
14 78
14 77
14 76
14 75
14 74
14 73
14 72
14 71
14 70
14 69
14 68
14 67
14 66
14 65
14 64
14 63
14 62
14 61
14 60
14 59
14 58
14 57
14 56
14 55
14 54
14 53
14 52
14 51
14 50
14 49
14 48
14 47
14 46
14 45
14 44
14 43
14 42
14 41
14 40
14 39
14 38
14 37
14 36
14 35
14 34
14 33
14 32
14 31
14 30
14 29
14 28
14 27
14 26
14 25
14 24
14 23
14 22
14 21
14 20
14 19
14 18
14 17
14 16
14 15
14 14
14 13
14 12
14 11
14 10
14 9
14 8
14 7
14 6
14 5
14 4
14 3
14 2
14 1
13 124
12 110
11 110
1 110
10 110
2 110
9 110
3 110
8 110
4 110
7 110
5 110
6 110
13 123
13 122
13 121
13 120
13 119
13 118
13 117
13 116
13 115
13 114
13 113
13 112
13 111
13 110
1 111
1 112
1 113
1 114
1 115
1 116
1 117
1 118
1 119
1 120
1 121
1 122
1 123
1 124
12 124
11 111
10 111
9 111
2 111
8 111
3 111
7 111
4 111
6 111
5 111
12 123
12 122
12 121
12 120
12 119
12 118
12 117
12 116
12 115
12 114
12 113
12 112
12 111
2 112
2 113
2 114
2 115
2 116
2 117
2 118
2 119
2 120
2 121
2 122
2 123
2 124
11 124
10 112
9 112
8 112
7 112
3 112
6 112
4 112
5 112
11 123
11 122
11 121
11 120
11 119
11 118
11 117
11 116
11 115
11 114
11 113
11 112
3 113
3 114
3 115
3 116
3 117
3 118
3 119
3 120
3 121
3 122
3 123
3 124
10 124
9 113
8 113
7 113
6 113
5 113
4 113
10 123
10 122
10 121
10 120
10 119
10 118
10 117
10 116
10 115
10 114
10 113
4 114
4 115
4 116
4 117
4 118
4 119
4 120
4 121
4 122
4 123
4 124
9 124
8 114
7 114
6 114
5 114
9 123
9 122
9 121
9 120
9 119
9 118
9 117
9 116
9 115
9 114
5 115
5 116
5 117
5 118
5 119
5 120
5 121
5 122
5 123
5 124
8 124
7 115
6 115
8 123
8 122
8 121
8 120
8 119
8 118
8 117
8 116
8 115
6 116
6 117
6 118
6 119
6 120
6 121
6 122
6 123
6 124
7 124
7 123
7 122
7 121
7 120
7 119
7 118
7 117
7 116
15 139
15 138
15 137
15 136
15 135
15 134
15 133
15 132
15 131
15 130
15 129
15 128
15 127
15 126
15 125
15 124
15 123
15 122
15 121
15 120
15 119
15 118
15 117
15 116
15 115
15 114
15 113
15 112
15 111
15 110
15 109
15 108
15 107
15 106
15 105
15 104
15 103
15 102
15 101
15 100
15 99
15 98
15 97
15 96
15 95
15 94
15 93
15 92
15 91
15 90
15 89
15 88
15 87
15 86
15 85
15 84
15 83
15 82
15 81
15 80
15 79
15 78
15 77
15 76
15 75
15 74
15 73
15 72
15 71
15 70
15 69
15 68
15 67
15 66
15 65
15 64
15 63
15 62
15 61
15 60
15 59
15 58
15 57
15 56
15 55
15 54
15 53
15 52
15 51
15 50
15 49
15 48
15 47
15 46
15 45
15 44
15 43
15 42
15 41
15 40
15 39
15 38
15 37
15 36
15 35
15 34
15 33
15 32
15 31
15 30
15 29
15 28
15 27
15 26
15 25
15 24
15 23
15 22
15 21
15 20
15 19
15 18
15 17
15 16
15 15
15 14
15 13
15 12
15 11
15 10
15 9
15 8
15 7
15 6
15 5
15 4
15 3
15 2
15 1
14 140
13 125
12 125
1 125
11 125
2 125
10 125
3 125
9 125
4 125
8 125
5 125
7 125
6 125
14 139
14 138
14 137
14 136
14 135
14 134
14 133
14 132
14 131
14 130
14 129
14 128
14 127
14 126
14 125
1 126
1 127
1 128
1 129
1 130
1 131
1 132
1 133
1 134
1 135
1 136
1 137
1 138
1 139
1 140
13 140
12 126
11 126
10 126
2 126
9 126
3 126
8 126
4 126
7 126
5 126
6 126
13 139
13 138
13 137
13 136
13 135
13 134
13 133
13 132
13 131
13 130
13 129
13 128
13 127
13 126
2 127
2 128
2 129
2 130
2 131
2 132
2 133
2 134
2 135
2 136
2 137
2 138
2 139
2 140
12 140
11 127
10 127
9 127
8 127
3 127
7 127
4 127
6 127
5 127
12 139
12 138
12 137
12 136
12 135
12 134
12 133
12 132
12 131
12 130
12 129
12 128
12 127
3 128
3 129
3 130
3 131
3 132
3 133
3 134
3 135
3 136
3 137
3 138
3 139
3 140
11 140
10 128
9 128
8 128
7 128
6 128
4 128
5 128
11 139
11 138
11 137
11 136
11 135
11 134
11 133
11 132
11 131
11 130
11 129
11 128
4 129
4 130
4 131
4 132
4 133
4 134
4 135
4 136
4 137
4 138
4 139
4 140
10 140
9 129
8 129
7 129
6 129
5 129
10 139
10 138
10 137
10 136
10 135
10 134
10 133
10 132
10 131
10 130
10 129
5 130
5 131
5 132
5 133
5 134
5 135
5 136
5 137
5 138
5 139
5 140
9 140
8 130
7 130
6 130
9 139
9 138
9 137
9 136
9 135
9 134
9 133
9 132
9 131
9 130
6 131
6 132
6 133
6 134
6 135
6 136
6 137
6 138
6 139
6 140
8 140
7 131
8 139
8 138
8 137
8 136
8 135
8 134
8 133
8 132
8 131
7 132
7 133
7 134
7 135
7 136
7 137
7 138
7 139
7 140
16 156
16 155
16 154
16 153
16 152
16 151
16 150
16 149
16 148
16 147
16 146
16 145
16 144
16 143
16 142
16 141
16 140
16 139
16 138
16 137
16 136
16 135
16 134
16 133
16 132
16 131
16 130
16 129
16 128
16 127
16 126
16 125
16 124
16 123
16 122
16 121
16 120
16 119
16 118
16 117
16 116
16 115
16 114
16 113
16 112
16 111
16 110
16 109
16 108
16 107
16 106
16 105
16 104
16 103
16 102
16 101
16 100
16 99
16 98
16 97
16 96
16 95
16 94
16 93
16 92
16 91
16 90
16 89
16 88
16 87
16 86
16 85
16 84
16 83
16 82
16 81
16 80
16 79
16 78
16 77
16 76
16 75
16 74
16 73
16 72
16 71
16 70
16 69
16 68
16 67
16 66
16 65
16 64
16 63
16 62
16 61
16 60
16 59
16 58
16 57
16 56
16 55
16 54
16 53
16 52
16 51
16 50
16 49
16 48
16 47
16 46
16 45
16 44
16 43
16 42
16 41
16 40
16 39
16 38
16 37
16 36
16 35
16 34
16 33
16 32
16 31
16 30
16 29
16 28
16 27
16 26
16 25
16 24
16 23
16 22
16 21
16 20
16 19
16 18
16 17
16 16
16 15
16 14
16 13
16 12
16 11
16 10
16 9
16 8
16 7
16 6
16 5
16 4
16 3
16 2
16 1
15 157
14 141
13 141
1 141
12 141
2 141
11 141
3 141
10 141
4 141
9 141
5 141
8 141
6 141
7 141
15 156
15 155
15 154
15 153
15 152
15 151
15 150
15 149
15 148
15 147
15 146
15 145
15 144
15 143
15 142
15 141
1 142
1 143
1 144
1 145
1 146
1 147
1 148
1 149
1 150
1 151
1 152
1 153
1 154
1 155
1 156
1 157
14 157
13 142
12 142
11 142
2 142
10 142
3 142
9 142
4 142
8 142
5 142
7 142
6 142
14 156
14 155
14 154
14 153
14 152
14 151
14 150
14 149
14 148
14 147
14 146
14 145
14 144
14 143
14 142
2 143
2 144
2 145
2 146
2 147
2 148
2 149
2 150
2 151
2 152
2 153
2 154
2 155
2 156
2 157
13 157
12 143
11 143
10 143
9 143
3 143
8 143
4 143
7 143
5 143
6 143
13 156
13 155
13 154
13 153
13 152
13 151
13 150
13 149
13 148
13 147
13 146
13 145
13 144
13 143
3 144
3 145
3 146
3 147
3 148
3 149
3 150
3 151
3 152
3 153
3 154
3 155
3 156
3 157
12 157
11 144
10 144
9 144
8 144
7 144
4 144
6 144
5 144
12 156
12 155
12 154
12 153
12 152
12 151
12 150
12 149
12 148
12 147
12 146
12 145
12 144
4 145
4 146
4 147
4 148
4 149
4 150
4 151
4 152
4 153
4 154
4 155
4 156
4 157
11 157
10 145
9 145
8 145
7 145
6 145
5 145
11 156
11 155
11 154
11 153
11 152
11 151
11 150
11 149
11 148
11 147
11 146
11 145
5 146
5 147
5 148
5 149
5 150
5 151
5 152
5 153
5 154
5 155
5 156
5 157
10 157
9 146
8 146
7 146
6 146
10 156
10 155
10 154
10 153
10 152
10 151
10 150
10 149
10 148
10 147
10 146
6 147
6 148
6 149
6 150
6 151
6 152
6 153
6 154
6 155
6 156
6 157
9 157
8 147
7 147
9 156
9 155
9 154
9 153
9 152
9 151
9 150
9 149
9 148
9 147
7 148
7 149
7 150
7 151
7 152
7 153
7 154
7 155
7 156
7 157
8 157
8 156
8 155
8 154
8 153
8 152
8 151
8 150
8 149
8 148
17 174
17 173
17 172
17 171
17 170
17 169
17 168
17 167
17 166
17 165
17 164
17 163
17 162
17 161
17 160
17 159
17 158
17 157
17 156
17 155
17 154
17 153
17 152
17 151
17 150
17 149
17 148
17 147
17 146
17 145
17 144
17 143
17 142
17 141
17 140
17 139
17 138
17 137
17 136
17 135
17 134
17 133
17 132
17 131
17 130
17 129
17 128
17 127
17 126
17 125
17 124
17 123
17 122
17 121
17 120
17 119
17 118
17 117
17 116
17 115
17 114
17 113
17 112
17 111
17 110
17 109
17 108
17 107
17 106
17 105
17 104
17 103
17 102
17 101
17 100
17 99
17 98
17 97
17 96
17 95
17 94
17 93
17 92
17 91
17 90
17 89
17 88
17 87
17 86
17 85
17 84
17 83
17 82
17 81
17 80
17 79
17 78
17 77
17 76
17 75
17 74
17 73
17 72
17 71
17 70
17 69
17 68
17 67
17 66
17 65
17 64
17 63
17 62
17 61
17 60
17 59
17 58
17 57
17 56
17 55
17 54
17 53
17 52
17 51
17 50
17 49
17 48
17 47
17 46
17 45
17 44
17 43
17 42
17 41
17 40
17 39
17 38
17 37
17 36
17 35
17 34
17 33
17 32
17 31
17 30
17 29
17 28
17 27
17 26
17 25
17 24
17 23
17 22
17 21
17 20
17 19
17 18
17 17
17 16
17 15
17 14
17 13
17 12
17 11
17 10
17 9
17 8
17 7
17 6
17 5
17 4
17 3
17 2
17 1
16 175
15 158
14 158
1 158
13 158
2 158
12 158
3 158
11 158
4 158
10 158
5 158
9 158
6 158
8 158
7 158
16 174
16 173
16 172
16 171
16 170
16 169
16 168
16 167
16 166
16 165
16 164
16 163
16 162
16 161
16 160
16 159
16 158
1 159
1 160
1 161
1 162
1 163
1 164
1 165
1 166
1 167
1 168
1 169
1 170
1 171
1 172
1 173
1 174
1 175
15 175
14 159
13 159
12 159
2 159
11 159
3 159
10 159
4 159
9 159
5 159
8 159
6 159
7 159
15 174
15 173
15 172
15 171
15 170
15 169
15 168
15 167
15 166
15 165
15 164
15 163
15 162
15 161
15 160
15 159
2 160
2 161
2 162
2 163
2 164
2 165
2 166
2 167
2 168
2 169
2 170
2 171
2 172
2 173
2 174
2 175
14 175
13 160
12 160
11 160
10 160
3 160
9 160
4 160
8 160
5 160
7 160
6 160
14 174
14 173
14 172
14 171
14 170
14 169
14 168
14 167
14 166
14 165
14 164
14 163
14 162
14 161
14 160
3 161
3 162
3 163
3 164
3 165
3 166
3 167
3 168
3 169
3 170
3 171
3 172
3 173
3 174
3 175
13 175
12 161
11 161
10 161
9 161
8 161
4 161
7 161
5 161
6 161
13 174
13 173
13 172
13 171
13 170
13 169
13 168
13 167
13 166
13 165
13 164
13 163
13 162
13 161
4 162
4 163
4 164
4 165
4 166
4 167
4 168
4 169
4 170
4 171
4 172
4 173
4 174
4 175
12 175
11 162
10 162
9 162
8 162
7 162
6 162
5 162
12 174
12 173
12 172
12 171
12 170
12 169
12 168
12 167
12 166
12 165
12 164
12 163
12 162
5 163
5 164
5 165
5 166
5 167
5 168
5 169
5 170
5 171
5 172
5 173
5 174
5 175
11 175
10 163
9 163
8 163
7 163
6 163
11 174
11 173
11 172
11 171
11 170
11 169
11 168
11 167
11 166
11 165
11 164
11 163
6 164
6 165
6 166
6 167
6 168
6 169
6 170
6 171
6 172
6 173
6 174
6 175
10 175
9 164
8 164
7 164
10 174
10 173
10 172
10 171
10 170
10 169
10 168
10 167
10 166
10 165
10 164
7 165
7 166
7 167
7 168
7 169
7 170
7 171
7 172
7 173
7 174
7 175
9 175
8 165
9 174
9 173
9 172
9 171
9 170
9 169
9 168
9 167
9 166
9 165
8 166
8 167
8 168
8 169
8 170
8 171
8 172
8 173
8 174
8 175
18 193
18 192
18 191
18 190
18 189
18 188
18 187
18 186
18 185
18 184
18 183
18 182
18 181
18 180
18 179
18 178
18 177
18 176
18 175
18 174
18 173
18 172
18 171
18 170
18 169
18 168
18 167
18 166
18 165
18 164
18 163
18 162
18 161
18 160
18 159
18 158
18 157
18 156
18 155
18 154
18 153
18 152
18 151
18 150
18 149
18 148
18 147
18 146
18 145
18 144
18 143
18 142
18 141
18 140
18 139
18 138
18 137
18 136
18 135
18 134
18 133
18 132
18 131
18 130
18 129
18 128
18 127
18 126
18 125
18 124
18 123
18 122
18 121
18 120
18 119
18 118
18 117
18 116
18 115
18 114
18 113
18 112
18 111
18 110
18 109
18 108
18 107
18 106
18 105
18 104
18 103
18 102
18 101
18 100
18 99
18 98
18 97
18 96
18 95
18 94
18 93
18 92
18 91
18 90
18 89
18 88
18 87
18 86
18 85
18 84
18 83
18 82
18 81
18 80
18 79
18 78
18 77
18 76
18 75
18 74
18 73
18 72
18 71
18 70
18 69
18 68
18 67
18 66
18 65
18 64
18 63
18 62
18 61
18 60
18 59
18 58
18 57
18 56
18 55
18 54
18 53
18 52
18 51
18 50
18 49
18 48
18 47
18 46
18 45
18 44
18 43
18 42
18 41
18 40
18 39
18 38
18 37
18 36
18 35
18 34
18 33
18 32
18 31
18 30
18 29
18 28
18 27
18 26
18 25
18 24
18 23
18 22
18 21
18 20
18 19
18 18
18 17
18 16
18 15
18 14
18 13
18 12
18 11
18 10
18 9
18 8
18 7
18 6
18 5
18 4
18 3
18 2
18 1
17 194
16 176
15 176
1 176
14 176
2 176
13 176
3 176
12 176
4 176
11 176
5 176
10 176
6 176
9 176
7 176
8 176
17 193
17 192
17 191
17 190
17 189
17 188
17 187
17 186
17 185
17 184
17 183
17 182
17 181
17 180
17 179
17 178
17 177
17 176
1 177
1 178
1 179
1 180
1 181
1 182
1 183
1 184
1 185
1 186
1 187
1 188
1 189
1 190
1 191
1 192
1 193
1 194
16 194
15 177
14 177
13 177
2 177
12 177
3 177
11 177
4 177
10 177
5 177
9 177
6 177
8 177
7 177
16 193
16 192
16 191
16 190
16 189
16 188
16 187
16 186
16 185
16 184
16 183
16 182
16 181
16 180
16 179
16 178
16 177
2 178
2 179
2 180
2 181
2 182
2 183
2 184
2 185
2 186
2 187
2 188
2 189
2 190
2 191
2 192
2 193
2 194
15 194
14 178
13 178
12 178
11 178
3 178
10 178
4 178
9 178
5 178
8 178
6 178
7 178
15 193
15 192
15 191
15 190
15 189
15 188
15 187
15 186
15 185
15 184
15 183
15 182
15 181
15 180
15 179
15 178
3 179
3 180
3 181
3 182
3 183
3 184
3 185
3 186
3 187
3 188
3 189
3 190
3 191
3 192
3 193
3 194
14 194
13 179
12 179
11 179
10 179
9 179
4 179
8 179
5 179
7 179
6 179
14 193
14 192
14 191
14 190
14 189
14 188
14 187
14 186
14 185
14 184
14 183
14 182
14 181
14 180
14 179
4 180
4 181
4 182
4 183
4 184
4 185
4 186
4 187
4 188
4 189
4 190
4 191
4 192
4 193
4 194
13 194
12 180
11 180
10 180
9 180
8 180
7 180
5 180
6 180
13 193
13 192
13 191
13 190
13 189
13 188
13 187
13 186
13 185
13 184
13 183
13 182
13 181
13 180
5 181
5 182
5 183
5 184
5 185
5 186
5 187
5 188
5 189
5 190
5 191
5 192
5 193
5 194
12 194
11 181
10 181
9 181
8 181
7 181
6 181
12 193
12 192
12 191
12 190
12 189
12 188
12 187
12 186
12 185
12 184
12 183
12 182
12 181
6 182
6 183
6 184
6 185
6 186
6 187
6 188
6 189
6 190
6 191
6 192
6 193
6 194
11 194
10 182
9 182
8 182
7 182
11 193
11 192
11 191
11 190
11 189
11 188
11 187
11 186
11 185
11 184
11 183
11 182
7 183
7 184
7 185
7 186
7 187
7 188
7 189
7 190
7 191
7 192
7 193
7 194
10 194
9 183
8 183
10 193
10 192
10 191
10 190
10 189
10 188
10 187
10 186
10 185
10 184
10 183
8 184
8 185
8 186
8 187
8 188
8 189
8 190
8 191
8 192
8 193
8 194
9 194
9 193
9 192
9 191
9 190
9 189
9 188
9 187
9 186
9 185
9 184
19 213
19 212
19 211
19 210
19 209
19 208
19 207
19 206
19 205
19 204
19 203
19 202
19 201
19 200
19 199
19 198
19 197
19 196
19 195
19 194
19 193
19 192
19 191
19 190
19 189
19 188
19 187
19 186
19 185
19 184
19 183
19 182
19 181
19 180
19 179
19 178
19 177
19 176
19 175
19 174
19 173
19 172
19 171
19 170
19 169
19 168
19 167
19 166
19 165
19 164
19 163
19 162
19 161
19 160
19 159
19 158
19 157
19 156
19 155
19 154
19 153
19 152
19 151
19 150
19 149
19 148
19 147
19 146
19 145
19 144
19 143
19 142
19 141
19 140
19 139
19 138
19 137
19 136
19 135
19 134
19 133
19 132
19 131
19 130
19 129
19 128
19 127
19 126
19 125
19 124
19 123
19 122
19 121
19 120
19 119
19 118
19 117
19 116
19 115
19 114
19 113
19 112
19 111
19 110
19 109
19 108
19 107
19 106
19 105
19 104
19 103
19 102
19 101
19 100
19 99
19 98
19 97
19 96
19 95
19 94
19 93
19 92
19 91
19 90
19 89
19 88
19 87
19 86
19 85
19 84
19 83
19 82
19 81
19 80
19 79
19 78
19 77
19 76
19 75
19 74
19 73
19 72
19 71
19 70
19 69
19 68
19 67
19 66
19 65
19 64
19 63
19 62
19 61
19 60
19 59
19 58
19 57
19 56
19 55
19 54
19 53
19 52
19 51
19 50
19 49
19 48
19 47
19 46
19 45
19 44
19 43
19 42
19 41
19 40
19 39
19 38
19 37
19 36
19 35
19 34
19 33
19 32
19 31
19 30
19 29
19 28
19 27
19 26
19 25
19 24
19 23
19 22
19 21
19 20
19 19
19 18
19 17
19 16
19 15
19 14
19 13
19 12
19 11
19 10
19 9
19 8
19 7
19 6
19 5
19 4
19 3
19 2
19 1
18 214
17 195
16 195
1 195
15 195
2 195
14 195
3 195
13 195
4 195
12 195
5 195
11 195
6 195
10 195
7 195
9 195
8 195
18 213
18 212
18 211
18 210
18 209
18 208
18 207
18 206
18 205
18 204
18 203
18 202
18 201
18 200
18 199
18 198
18 197
18 196
18 195
1 196
1 197
1 198
1 199
1 200
1 201
1 202
1 203
1 204
1 205
1 206
1 207
1 208
1 209
1 210
1 211
1 212
1 213
1 214
17 214
16 196
15 196
14 196
2 196
13 196
3 196
12 196
4 196
11 196
5 196
10 196
6 196
9 196
7 196
8 196
17 213
17 212
17 211
17 210
17 209
17 208
17 207
17 206
17 205
17 204
17 203
17 202
17 201
17 200
17 199
17 198
17 197
17 196
2 197
2 198
2 199
2 200
2 201
2 202
2 203
2 204
2 205
2 206
2 207
2 208
2 209
2 210
2 211
2 212
2 213
2 214
16 214
15 197
14 197
13 197
12 197
3 197
11 197
4 197
10 197
5 197
9 197
6 197
8 197
7 197
16 213
16 212
16 211
16 210
16 209
16 208
16 207
16 206
16 205
16 204
16 203
16 202
16 201
16 200
16 199
16 198
16 197
3 198
3 199
3 200
3 201
3 202
3 203
3 204
3 205
3 206
3 207
3 208
3 209
3 210
3 211
3 212
3 213
3 214
15 214
14 198
13 198
12 198
11 198
10 198
4 198
9 198
5 198
8 198
6 198
7 198
15 213
15 212
15 211
15 210
15 209
15 208
15 207
15 206
15 205
15 204
15 203
15 202
15 201
15 200
15 199
15 198
4 199
4 200
4 201
4 202
4 203
4 204
4 205
4 206
4 207
4 208
4 209
4 210
4 211
4 212
4 213
4 214
14 214
13 199
12 199
11 199
10 199
9 199
8 199
5 199
7 199
6 199
14 213
14 212
14 211
14 210
14 209
14 208
14 207
14 206
14 205
14 204
14 203
14 202
14 201
14 200
14 199
5 200
5 201
5 202
5 203
5 204
5 205
5 206
5 207
5 208
5 209
5 210
5 211
5 212
5 213
5 214
13 214
12 200
11 200
10 200
9 200
8 200
7 200
6 200
13 213
13 212
13 211
13 210
13 209
13 208
13 207
13 206
13 205
13 204
13 203
13 202
13 201
13 200
6 201
6 202
6 203
6 204
6 205
6 206
6 207
6 208
6 209
6 210
6 211
6 212
6 213
6 214
12 214
11 201
10 201
9 201
8 201
7 201
12 213
12 212
12 211
12 210
12 209
12 208
12 207
12 206
12 205
12 204
12 203
12 202
12 201
7 202
7 203
7 204
7 205
7 206
7 207
7 208
7 209
7 210
7 211
7 212
7 213
7 214
11 214
10 202
9 202
8 202
11 213
11 212
11 211
11 210
11 209
11 208
11 207
11 206
11 205
11 204
11 203
11 202
8 203
8 204
8 205
8 206
8 207
8 208
8 209
8 210
8 211
8 212
8 213
8 214
10 214
9 203
10 213
10 212
10 211
10 210
10 209
10 208
10 207
10 206
10 205
10 204
10 203
9 204
9 205
9 206
9 207
9 208
9 209
9 210
9 211
9 212
9 213
9 214
20 234
20 233
20 232
20 231
20 230
20 229
20 228
20 227
20 226
20 225
20 224
20 223
20 222
20 221
20 220
20 219
20 218
20 217
20 216
20 215
20 214
20 213
20 212
20 211
20 210
20 209
20 208
20 207
20 206
20 205
20 204
20 203
20 202
20 201
20 200
20 199
20 198
20 197
20 196
20 195
20 194
20 193
20 192
20 191
20 190
20 189
20 188
20 187
20 186
20 185
20 184
20 183
20 182
20 181
20 180
20 179
20 178
20 177
20 176
20 175
20 174
20 173
20 172
20 171
20 170
20 169
20 168
20 167
20 166
20 165
20 164
20 163
20 162
20 161
20 160
20 159
20 158
20 157
20 156
20 155
20 154
20 153
20 152
20 151
20 150
20 149
20 148
20 147
20 146
20 145
20 144
20 143
20 142
20 141
20 140
20 139
20 138
20 137
20 136
20 135
20 134
20 133
20 132
20 131
20 130
20 129
20 128
20 127
20 126
20 125
20 124
20 123
20 122
20 121
20 120
20 119
20 118
20 117
20 116
20 115
20 114
20 113
20 112
20 111
20 110
20 109
20 108
20 107
20 106
20 105
20 104
20 103
20 102
20 101
20 100
20 99
20 98
20 97
20 96
20 95
20 94
20 93
20 92
20 91
20 90
20 89
20 88
20 87
20 86
20 85
20 84
20 83
20 82
20 81
20 80
20 79
20 78
20 77
20 76
20 75
20 74
20 73
20 72
20 71
20 70
20 69
20 68
20 67
20 66
20 65
20 64
20 63
20 62
20 61
20 60
20 59
20 58
20 57
20 56
20 55
20 54
20 53
20 52
20 51
20 50
20 49
20 48
20 47
20 46
20 45
20 44
20 43
20 42
20 41
20 40
20 39
20 38
20 37
20 36
20 35
20 34
20 33
20 32
20 31
20 30
20 29
20 28
20 27
20 26
20 25
20 24
20 23
20 22
20 21
20 20
20 19
20 18
20 17
20 16
20 15
20 14
20 13
20 12
20 11
20 10
20 9
20 8
20 7
20 6
20 5
20 4
20 3
20 2
20 1
19 235
18 215
17 215
1 215
16 215
2 215
15 215
3 215
14 215
4 215
13 215
5 215
12 215
6 215
11 215
7 215
10 215
8 215
9 215
19 234
19 233
19 232
19 231
19 230
19 229
19 228
19 227
19 226
19 225
19 224
19 223
19 222
19 221
19 220
19 219
19 218
19 217
19 216
19 215
1 216
1 217
1 218
1 219
1 220
1 221
1 222
1 223
1 224
1 225
1 226
1 227
1 228
1 229
1 230
1 231
1 232
1 233
1 234
1 235
18 235
17 216
16 216
15 216
2 216
14 216
3 216
13 216
4 216
12 216
5 216
11 216
6 216
10 216
7 216
9 216
8 216
18 234
18 233
18 232
18 231
18 230
18 229
18 228
18 227
18 226
18 225
18 224
18 223
18 222
18 221
18 220
18 219
18 218
18 217
18 216
2 217
2 218
2 219
2 220
2 221
2 222
2 223
2 224
2 225
2 226
2 227
2 228
2 229
2 230
2 231
2 232
2 233
2 234
2 235
17 235
16 217
15 217
14 217
13 217
3 217
12 217
4 217
11 217
5 217
10 217
6 217
9 217
7 217
8 217
17 234
17 233
17 232
17 231
17 230
17 229
17 228
17 227
17 226
17 225
17 224
17 223
17 222
17 221
17 220
17 219
17 218
17 217
3 218
3 219
3 220
3 221
3 222
3 223
3 224
3 225
3 226
3 227
3 228
3 229
3 230
3 231
3 232
3 233
3 234
3 235
16 235
15 218
14 218
13 218
12 218
11 218
4 218
10 218
5 218
9 218
6 218
8 218
7 218
16 234
16 233
16 232
16 231
16 230
16 229
16 228
16 227
16 226
16 225
16 224
16 223
16 222
16 221
16 220
16 219
16 218
4 219
4 220
4 221
4 222
4 223
4 224
4 225
4 226
4 227
4 228
4 229
4 230
4 231
4 232
4 233
4 234
4 235
15 235
14 219
13 219
12 219
11 219
10 219
9 219
5 219
8 219
6 219
7 219
15 234
15 233
15 232
15 231
15 230
15 229
15 228
15 227
15 226
15 225
15 224
15 223
15 222
15 221
15 220
15 219
5 220
5 221
5 222
5 223
5 224
5 225
5 226
5 227
5 228
5 229
5 230
5 231
5 232
5 233
5 234
5 235
14 235
13 220
12 220
11 220
10 220
9 220
8 220
7 220
6 220
14 234
14 233
14 232
14 231
14 230
14 229
14 228
14 227
14 226
14 225
14 224
14 223
14 222
14 221
14 220
6 221
6 222
6 223
6 224
6 225
6 226
6 227
6 228
6 229
6 230
6 231
6 232
6 233
6 234
6 235
13 235
12 221
11 221
10 221
9 221
8 221
7 221
13 234
13 233
13 232
13 231
13 230
13 229
13 228
13 227
13 226
13 225
13 224
13 223
13 222
13 221
7 222
7 223
7 224
7 225
7 226
7 227
7 228
7 229
7 230
7 231
7 232
7 233
7 234
7 235
12 235
11 222
10 222
9 222
8 222
12 234
12 233
12 232
12 231
12 230
12 229
12 228
12 227
12 226
12 225
12 224
12 223
12 222
8 223
8 224
8 225
8 226
8 227
8 228
8 229
8 230
8 231
8 232
8 233
8 234
8 235
11 235
10 223
9 223
11 234
11 233
11 232
11 231
11 230
11 229
11 228
11 227
11 226
11 225
11 224
11 223
9 224
9 225
9 226
9 227
9 228
9 229
9 230
9 231
9 232
9 233
9 234
9 235
10 235
10 234
10 233
10 232
10 231
10 230
10 229
10 228
10 227
10 226
10 225
10 224
21 256
21 255
21 254
21 253
21 252
21 251
21 250
21 249
21 248
21 247
21 246
21 245
21 244
21 243
21 242
21 241
21 240
21 239
21 238
21 237
21 236
21 235
21 234
21 233
21 232
21 231
21 230
21 229
21 228
21 227
21 226
21 225
21 224
21 223
21 222
21 221
21 220
21 219
21 218
21 217
21 216
21 215
21 214
21 213
21 212
21 211
21 210
21 209
21 208
21 207
21 206
21 205
21 204
21 203
21 202
21 201
21 200
21 199
21 198
21 197
21 196
21 195
21 194
21 193
21 192
21 191
21 190
21 189
21 188
21 187
21 186
21 185
21 184
21 183
21 182
21 181
21 180
21 179
21 178
21 177
21 176
21 175
21 174
21 173
21 172
21 171
21 170
21 169
21 168
21 167
21 166
21 165
21 164
21 163
21 162
21 161
21 160
21 159
21 158
21 157
21 156
21 155
21 154
21 153
21 152
21 151
21 150
21 149
21 148
21 147
21 146
21 145
21 144
21 143
21 142
21 141
21 140
21 139
21 138
21 137
21 136
21 135
21 134
21 133
21 132
21 131
21 130
21 129
21 128
21 127
21 126
21 125
21 124
21 123
21 122
21 121
21 120
21 119
21 118
21 117
21 116
21 115
21 114
21 113
21 112
21 111
21 110
21 109
21 108
21 107
21 106
21 105
21 104
21 103
21 102
21 101
21 100
21 99
21 98
21 97
21 96
21 95
21 94
21 93
21 92
21 91
21 90
21 89
21 88
21 87
21 86
21 85
21 84
21 83
21 82
21 81
21 80
21 79
21 78
21 77
21 76
21 75
21 74
21 73
21 72
21 71
21 70
21 69
21 68
21 67
21 66
21 65
21 64
21 63
21 62
21 61
21 60
21 59
21 58
21 57
21 56
21 55
21 54
21 53
21 52
21 51
21 50
21 49
21 48
21 47
21 46
21 45
21 44
21 43
21 42
21 41
21 40
21 39
21 38
21 37
21 36
21 35
21 34
21 33
21 32
21 31
21 30
21 29
21 28
21 27
21 26
21 25
21 24
21 23
21 22
21 21
21 20
21 19
21 18
21 17
21 16
21 15
21 14
21 13
21 12
21 11
21 10
21 9
21 8
21 7
21 6
21 5
21 4
21 3
21 2
21 1
20 257
19 236
18 236
1 236
17 236
2 236
16 236
3 236
15 236
4 236
14 236
5 236
13 236
6 236
12 236
7 236
11 236
8 236
10 236
9 236
20 256
20 255
20 254
20 253
20 252
20 251
20 250
20 249
20 248
20 247
20 246
20 245
20 244
20 243
20 242
20 241
20 240
20 239
20 238
20 237
20 236
1 237
1 238
1 239
1 240
1 241
1 242
1 243
1 244
1 245
1 246
1 247
1 248
1 249
1 250
1 251
1 252
1 253
1 254
1 255
1 256
1 257
19 257
18 237
17 237
16 237
2 237
15 237
3 237
14 237
4 237
13 237
5 237
12 237
6 237
11 237
7 237
10 237
8 237
9 237
19 256
19 255
19 254
19 253
19 252
19 251
19 250
19 249
19 248
19 247
19 246
19 245
19 244
19 243
19 242
19 241
19 240
19 239
19 238
19 237
2 238
2 239
2 240
2 241
2 242
2 243
2 244
2 245
2 246
2 247
2 248
2 249
2 250
2 251
2 252
2 253
2 254
2 255
2 256
2 257
18 257
17 238
16 238
15 238
14 238
3 238
13 238
4 238
12 238
5 238
11 238
6 238
10 238
7 238
9 238
8 238
18 256
18 255
18 254
18 253
18 252
18 251
18 250
18 249
18 248
18 247
18 246
18 245
18 244
18 243
18 242
18 241
18 240
18 239
18 238
3 239
3 240
3 241
3 242
3 243
3 244
3 245
3 246
3 247
3 248
3 249
3 250
3 251
3 252
3 253
3 254
3 255
3 256
3 257
17 257
16 239
15 239
14 239
13 239
12 239
4 239
11 239
5 239
10 239
6 239
9 239
7 239
8 239
17 256
17 255
17 254
17 253
17 252
17 251
17 250
17 249
17 248
17 247
17 246
17 245
17 244
17 243
17 242
17 241
17 240
17 239
4 240
4 241
4 242
4 243
4 244
4 245
4 246
4 247
4 248
4 249
4 250
4 251
4 252
4 253
4 254
4 255
4 256
4 257
16 257
15 240
14 240
13 240
12 240
11 240
10 240
5 240
9 240
6 240
8 240
7 240
16 256
16 255
16 254
16 253
16 252
16 251
16 250
16 249
16 248
16 247
16 246
16 245
16 244
16 243
16 242
16 241
16 240
5 241
5 242
5 243
5 244
5 245
5 246
5 247
5 248
5 249
5 250
5 251
5 252
5 253
5 254
5 255
5 256
5 257
15 257
14 241
13 241
12 241
11 241
10 241
9 241
8 241
6 241
7 241
15 256
15 255
15 254
15 253
15 252
15 251
15 250
15 249
15 248
15 247
15 246
15 245
15 244
15 243
15 242
15 241
6 242
6 243
6 244
6 245
6 246
6 247
6 248
6 249
6 250
6 251
6 252
6 253
6 254
6 255
6 256
6 257
14 257
13 242
12 242
11 242
10 242
9 242
8 242
7 242
14 256
14 255
14 254
14 253
14 252
14 251
14 250
14 249
14 248
14 247
14 246
14 245
14 244
14 243
14 242
7 243
7 244
7 245
7 246
7 247
7 248
7 249
7 250
7 251
7 252
7 253
7 254
7 255
7 256
7 257
13 257
12 243
11 243
10 243
9 243
8 243
13 256
13 255
13 254
13 253
13 252
13 251
13 250
13 249
13 248
13 247
13 246
13 245
13 244
13 243
8 244
8 245
8 246
8 247
8 248
8 249
8 250
8 251
8 252
8 253
8 254
8 255
8 256
8 257
12 257
11 244
10 244
9 244
12 256
12 255
12 254
12 253
12 252
12 251
12 250
12 249
12 248
12 247
12 246
12 245
12 244
9 245
9 246
9 247
9 248
9 249
9 250
9 251
9 252
9 253
9 254
9 255
9 256
9 257
11 257
10 245
11 256
11 255
11 254
11 253
11 252
11 251
11 250
11 249
11 248
11 247
11 246
11 245
10 246
10 247
10 248
10 249
10 250
10 251
10 252
10 253
10 254
10 255
10 256
10 257
22 279
22 278
22 277
22 276
22 275
22 274
22 273
22 272
22 271
22 270
22 269
22 268
22 267
22 266
22 265
22 264
22 263
22 262
22 261
22 260
22 259
22 258
22 257
22 256
22 255
22 254
22 253
22 252
22 251
22 250
22 249
22 248
22 247
22 246
22 245
22 244
22 243
22 242
22 241
22 240
22 239
22 238
22 237
22 236
22 235
22 234
22 233
22 232
22 231
22 230
22 229
22 228
22 227
22 226
22 225
22 224
22 223
22 222
22 221
22 220
22 219
22 218
22 217
22 216
22 215
22 214
22 213
22 212
22 211
22 210
22 209
22 208
22 207
22 206
22 205
22 204
22 203
22 202
22 201
22 200
22 199
22 198
22 197
22 196
22 195
22 194
22 193
22 192
22 191
22 190
22 189
22 188
22 187
22 186
22 185
22 184
22 183
22 182
22 181
22 180
22 179
22 178
22 177
22 176
22 175
22 174
22 173
22 172
22 171
22 170
22 169
22 168
22 167
22 166
22 165
22 164
22 163
22 162
22 161
22 160
22 159
22 158
22 157
22 156
22 155
22 154
22 153
22 152
22 151
22 150
22 149
22 148
22 147
22 146
22 145
22 144
22 143
22 142
22 141
22 140
22 139
22 138
22 137
22 136
22 135
22 134
22 133
22 132
22 131
22 130
22 129
22 128
22 127
22 126
22 125
22 124
22 123
22 122
22 121
22 120
22 119
22 118
22 117
22 116
22 115
22 114
22 113
22 112
22 111
22 110
22 109
22 108
22 107
22 106
22 105
22 104
22 103
22 102
22 101
22 100
22 99
22 98
22 97
22 96
22 95
22 94
22 93
22 92
22 91
22 90
22 89
22 88
22 87
22 86
22 85
22 84
22 83
22 82
22 81
22 80
22 79
22 78
22 77
22 76
22 75
22 74
22 73
22 72
22 71
22 70
22 69
22 68
22 67
22 66
22 65
22 64
22 63
22 62
22 61
22 60
22 59
22 58
22 57
22 56
22 55
22 54
22 53
22 52
22 51
22 50
22 49
22 48
22 47
22 46
22 45
22 44
22 43
22 42
22 41
22 40
22 39
22 38
22 37
22 36
22 35
22 34
22 33
22 32
22 31
22 30
22 29
22 28
22 27
22 26
22 25
22 24
22 23
22 22
22 21
22 20
22 19
22 18
22 17
22 16
22 15
22 14
22 13
22 12
22 11
22 10
22 9
22 8
22 7
22 6
22 5
22 4
22 3
22 2
22 1
21 280
20 258
19 258
1 258
18 258
2 258
17 258
3 258
16 258
4 258
15 258
5 258
14 258
6 258
13 258
7 258
12 258
8 258
11 258
9 258
10 258
21 279
21 278
21 277
21 276
21 275
21 274
21 273
21 272
21 271
21 270
21 269
21 268
21 267
21 266
21 265
21 264
21 263
21 262
21 261
21 260
21 259
21 258
1 259
1 260
1 261
1 262
1 263
1 264
1 265
1 266
1 267
1 268
1 269
1 270
1 271
1 272
1 273
1 274
1 275
1 276
1 277
1 278
1 279
1 280
20 280
19 259
18 259
17 259
2 259
16 259
3 259
15 259
4 259
14 259
5 259
13 259
6 259
12 259
7 259
11 259
8 259
10 259
9 259
20 279
20 278
20 277
20 276
20 275
20 274
20 273
20 272
20 271
20 270
20 269
20 268
20 267
20 266
20 265
20 264
20 263
20 262
20 261
20 260
20 259
2 260
2 261
2 262
2 263
2 264
2 265
2 266
2 267
2 268
2 269
2 270
2 271
2 272
2 273
2 274
2 275
2 276
2 277
2 278
2 279
2 280
19 280
18 260
17 260
16 260
15 260
3 260
14 260
4 260
13 260
5 260
12 260
6 260
11 260
7 260
10 260
8 260
9 260
19 279
19 278
19 277
19 276
19 275
19 274
19 273
19 272
19 271
19 270
19 269
19 268
19 267
19 266
19 265
19 264
19 263
19 262
19 261
19 260
3 261
3 262
3 263
3 264
3 265
3 266
3 267
3 268
3 269
3 270
3 271
3 272
3 273
3 274
3 275
3 276
3 277
3 278
3 279
3 280
18 280
17 261
16 261
15 261
14 261
13 261
4 261
12 261
5 261
11 261
6 261
10 261
7 261
9 261
8 261
18 279
18 278
18 277
18 276
18 275
18 274
18 273
18 272
18 271
18 270
18 269
18 268
18 267
18 266
18 265
18 264
18 263
18 262
18 261
4 262
4 263
4 264
4 265
4 266
4 267
4 268
4 269
4 270
4 271
4 272
4 273
4 274
4 275
4 276
4 277
4 278
4 279
4 280
17 280
16 262
15 262
14 262
13 262
12 262
11 262
5 262
10 262
6 262
9 262
7 262
8 262
17 279
17 278
17 277
17 276
17 275
17 274
17 273
17 272
17 271
17 270
17 269
17 268
17 267
17 266
17 265
17 264
17 263
17 262
5 263
5 264
5 265
5 266
5 267
5 268
5 269
5 270
5 271
5 272
5 273
5 274
5 275
5 276
5 277
5 278
5 279
5 280
16 280
15 263
14 263
13 263
12 263
11 263
10 263
9 263
6 263
8 263
7 263
16 279
16 278
16 277
16 276
16 275
16 274
16 273
16 272
16 271
16 270
16 269
16 268
16 267
16 266
16 265
16 264
16 263
6 264
6 265
6 266
6 267
6 268
6 269
6 270
6 271
6 272
6 273
6 274
6 275
6 276
6 277
6 278
6 279
6 280
15 280
14 264
13 264
12 264
11 264
10 264
9 264
8 264
7 264
15 279
15 278
15 277
15 276
15 275
15 274
15 273
15 272
15 271
15 270
15 269
15 268
15 267
15 266
15 265
15 264
7 265
7 266
7 267
7 268
7 269
7 270
7 271
7 272
7 273
7 274
7 275
7 276
7 277
7 278
7 279
7 280
14 280
13 265
12 265
11 265
10 265
9 265
8 265
14 279
14 278
14 277
14 276
14 275
14 274
14 273
14 272
14 271
14 270
14 269
14 268
14 267
14 266
14 265
8 266
8 267
8 268
8 269
8 270
8 271
8 272
8 273
8 274
8 275
8 276
8 277
8 278
8 279
8 280
13 280
12 266
11 266
10 266
9 266
13 279
13 278
13 277
13 276
13 275
13 274
13 273
13 272
13 271
13 270
13 269
13 268
13 267
13 266
9 267
9 268
9 269
9 270
9 271
9 272
9 273
9 274
9 275
9 276
9 277
9 278
9 279
9 280
12 280
11 267
10 267
12 279
12 278
12 277
12 276
12 275
12 274
12 273
12 272
12 271
12 270
12 269
12 268
12 267
10 268
10 269
10 270
10 271
10 272
10 273
10 274
10 275
10 276
10 277
10 278
10 279
10 280
11 280
11 279
11 278
11 277
11 276
11 275
11 274
11 273
11 272
11 271
11 270
11 269
11 268
23 303
23 302
23 301
23 300
23 299
23 298
23 297
23 296
23 295
23 294
23 293
23 292
23 291
23 290
23 289
23 288
23 287
23 286
23 285
23 284
23 283
23 282
23 281
23 280
23 279
23 278
23 277
23 276
23 275
23 274
23 273
23 272
23 271
23 270
23 269
23 268
23 267
23 266
23 265
23 264
23 263
23 262
23 261
23 260
23 259
23 258
23 257
23 256
23 255
23 254
23 253
23 252
23 251
23 250
23 249
23 248
23 247
23 246
23 245
23 244
23 243
23 242
23 241
23 240
23 239
23 238
23 237
23 236
23 235
23 234
23 233
23 232
23 231
23 230
23 229
23 228
23 227
23 226
23 225
23 224
23 223
23 222
23 221
23 220
23 219
23 218
23 217
23 216
23 215
23 214
23 213
23 212
23 211
23 210
23 209
23 208
23 207
23 206
23 205
23 204
23 203
23 202
23 201
23 200
23 199
23 198
23 197
23 196
23 195
23 194
23 193
23 192
23 191
23 190
23 189
23 188
23 187
23 186
23 185
23 184
23 183
23 182
23 181
23 180
23 179
23 178
23 177
23 176
23 175
23 174
23 173
23 172
23 171
23 170
23 169
23 168
23 167
23 166
23 165
23 164
23 163
23 162
23 161
23 160
23 159
23 158
23 157
23 156
23 155
23 154
23 153
23 152
23 151
23 150
23 149
23 148
23 147
23 146
23 145
23 144
23 143
23 142
23 141
23 140
23 139
23 138
23 137
23 136
23 135
23 134
23 133
23 132
23 131
23 130
23 129
23 128
23 127
23 126
23 125
23 124
23 123
23 122
23 121
23 120
23 119
23 118
23 117
23 116
23 115
23 114
23 113
23 112
23 111
23 110
23 109
23 108
23 107
23 106
23 105
23 104
23 103
23 102
23 101
23 100
23 99
23 98
23 97
23 96
23 95
23 94
23 93
23 92
23 91
23 90
23 89
23 88
23 87
23 86
23 85
23 84
23 83
23 82
23 81
23 80
23 79
23 78
23 77
23 76
23 75
23 74
23 73
23 72
23 71
23 70
23 69
23 68
23 67
23 66
23 65
23 64
23 63
23 62
23 61
23 60
23 59
23 58
23 57
23 56
23 55
23 54
23 53
23 52
23 51
23 50
23 49
23 48
23 47
23 46
23 45
23 44
23 43
23 42
23 41
23 40
23 39
23 38
23 37
23 36
23 35
23 34
23 33
23 32
23 31
23 30
23 29
23 28
23 27
23 26
23 25
23 24
23 23
23 22
23 21
23 20
23 19
23 18
23 17
23 16
23 15
23 14
23 13
23 12
23 11
23 10
23 9
23 8
23 7
23 6
23 5
23 4
23 3
23 2
23 1
22 304
21 281
20 281
1 281
19 281
2 281
18 281
3 281
17 281
4 281
16 281
5 281
15 281
6 281
14 281
7 281
13 281
8 281
12 281
9 281
11 281
10 281
22 303
22 302
22 301
22 300
22 299
22 298
22 297
22 296
22 295
22 294
22 293
22 292
22 291
22 290
22 289
22 288
22 287
22 286
22 285
22 284
22 283
22 282
22 281
1 282
1 283
1 284
1 285
1 286
1 287
1 288
1 289
1 290
1 291
1 292
1 293
1 294
1 295
1 296
1 297
1 298
1 299
1 300
1 301
1 302
1 303
1 304
21 304
20 282
19 282
18 282
2 282
17 282
3 282
16 282
4 282
15 282
5 282
14 282
6 282
13 282
7 282
12 282
8 282
11 282
9 282
10 282
21 303
21 302
21 301
21 300
21 299
21 298
21 297
21 296
21 295
21 294
21 293
21 292
21 291
21 290
21 289
21 288
21 287
21 286
21 285
21 284
21 283
21 282
2 283
2 284
2 285
2 286
2 287
2 288
2 289
2 290
2 291
2 292
2 293
2 294
2 295
2 296
2 297
2 298
2 299
2 300
2 301
2 302
2 303
2 304
20 304
19 283
18 283
17 283
16 283
3 283
15 283
4 283
14 283
5 283
13 283
6 283
12 283
7 283
11 283
8 283
10 283
9 283
20 303
20 302
20 301
20 300
20 299
20 298
20 297
20 296
20 295
20 294
20 293
20 292
20 291
20 290
20 289
20 288
20 287
20 286
20 285
20 284
20 283
3 284
3 285
3 286
3 287
3 288
3 289
3 290
3 291
3 292
3 293
3 294
3 295
3 296
3 297
3 298
3 299
3 300
3 301
3 302
3 303
3 304
19 304
18 284
17 284
16 284
15 284
14 284
4 284
13 284
5 284
12 284
6 284
11 284
7 284
10 284
8 284
9 284
19 303
19 302
19 301
19 300
19 299
19 298
19 297
19 296
19 295
19 294
19 293
19 292
19 291
19 290
19 289
19 288
19 287
19 286
19 285
19 284
4 285
4 286
4 287
4 288
4 289
4 290
4 291
4 292
4 293
4 294
4 295
4 296
4 297
4 298
4 299
4 300
4 301
4 302
4 303
4 304
18 304
17 285
16 285
15 285
14 285
13 285
12 285
5 285
11 285
6 285
10 285
7 285
9 285
8 285
18 303
18 302
18 301
18 300
18 299
18 298
18 297
18 296
18 295
18 294
18 293
18 292
18 291
18 290
18 289
18 288
18 287
18 286
18 285
5 286
5 287
5 288
5 289
5 290
5 291
5 292
5 293
5 294
5 295
5 296
5 297
5 298
5 299
5 300
5 301
5 302
5 303
5 304
17 304
16 286
15 286
14 286
13 286
12 286
11 286
10 286
6 286
9 286
7 286
8 286
17 303
17 302
17 301
17 300
17 299
17 298
17 297
17 296
17 295
17 294
17 293
17 292
17 291
17 290
17 289
17 288
17 287
17 286
6 287
6 288
6 289
6 290
6 291
6 292
6 293
6 294
6 295
6 296
6 297
6 298
6 299
6 300
6 301
6 302
6 303
6 304
16 304
15 287
14 287
13 287
12 287
11 287
10 287
9 287
8 287
7 287
16 303
16 302
16 301
16 300
16 299
16 298
16 297
16 296
16 295
16 294
16 293
16 292
16 291
16 290
16 289
16 288
16 287
7 288
7 289
7 290
7 291
7 292
7 293
7 294
7 295
7 296
7 297
7 298
7 299
7 300
7 301
7 302
7 303
7 304
15 304
14 288
13 288
12 288
11 288
10 288
9 288
8 288
15 303
15 302
15 301
15 300
15 299
15 298
15 297
15 296
15 295
15 294
15 293
15 292
15 291
15 290
15 289
15 288
8 289
8 290
8 291
8 292
8 293
8 294
8 295
8 296
8 297
8 298
8 299
8 300
8 301
8 302
8 303
8 304
14 304
13 289
12 289
11 289
10 289
9 289
14 303
14 302
14 301
14 300
14 299
14 298
14 297
14 296
14 295
14 294
14 293
14 292
14 291
14 290
14 289
9 290
9 291
9 292
9 293
9 294
9 295
9 296
9 297
9 298
9 299
9 300
9 301
9 302
9 303
9 304
13 304
12 290
11 290
10 290
13 303
13 302
13 301
13 300
13 299
13 298
13 297
13 296
13 295
13 294
13 293
13 292
13 291
13 290
10 291
10 292
10 293
10 294
10 295
10 296
10 297
10 298
10 299
10 300
10 301
10 302
10 303
10 304
12 304
11 291
12 303
12 302
12 301
12 300
12 299
12 298
12 297
12 296
12 295
12 294
12 293
12 292
12 291
11 292
11 293
11 294
11 295
11 296
11 297
11 298
11 299
11 300
11 301
11 302
11 303
11 304
24 328
24 327
24 326
24 325
24 324
24 323
24 322
24 321
24 320
24 319
24 318
24 317
24 316
24 315
24 314
24 313
24 312
24 311
24 310
24 309
24 308
24 307
24 306
24 305
24 304
24 303
24 302
24 301
24 300
24 299
24 298
24 297
24 296
24 295
24 294
24 293
24 292
24 291
24 290
24 289
24 288
24 287
24 286
24 285
24 284
24 283
24 282
24 281
24 280
24 279
24 278
24 277
24 276
24 275
24 274
24 273
24 272
24 271
24 270
24 269
24 268
24 267
24 266
24 265
24 264
24 263
24 262
24 261
24 260
24 259
24 258
24 257
24 256
24 255
24 254
24 253
24 252
24 251
24 250
24 249
24 248
24 247
24 246
24 245
24 244
24 243
24 242
24 241
24 240
24 239
24 238
24 237
24 236
24 235
24 234
24 233
24 232
24 231
24 230
24 229
24 228
24 227
24 226
24 225
24 224
24 223
24 222
24 221
24 220
24 219
24 218
24 217
24 216
24 215
24 214
24 213
24 212
24 211
24 210
24 209
24 208
24 207
24 206
24 205
24 204
24 203
24 202
24 201
24 200
24 199
24 198
24 197
24 196
24 195
24 194
24 193
24 192
24 191
24 190
24 189
24 188
24 187
24 186
24 185
24 184
24 183
24 182
24 181
24 180
24 179
24 178
24 177
24 176
24 175
24 174
24 173
24 172
24 171
24 170
24 169
24 168
24 167
24 166
24 165
24 164
24 163
24 162
24 161
24 160
24 159
24 158
24 157
24 156
24 155
24 154
24 153
24 152
24 151
24 150
24 149
24 148
24 147
24 146
24 145
24 144
24 143
24 142
24 141
24 140
24 139
24 138
24 137
24 136
24 135
24 134
24 133
24 132
24 131
24 130
24 129
24 128
24 127
24 126
24 125
24 124
24 123
24 122
24 121
24 120
24 119
24 118
24 117
24 116
24 115
24 114
24 113
24 112
24 111
24 110
24 109
24 108
24 107
24 106
24 105
24 104
24 103
24 102
24 101
24 100
24 99
24 98
24 97
24 96
24 95
24 94
24 93
24 92
24 91
24 90
24 89
24 88
24 87
24 86
24 85
24 84
24 83
24 82
24 81
24 80
24 79
24 78
24 77
24 76
24 75
24 74
24 73
24 72
24 71
24 70
24 69
24 68
24 67
24 66
24 65
24 64
24 63
24 62
24 61
24 60
24 59
24 58
24 57
24 56
24 55
24 54
24 53
24 52
24 51
24 50
24 49
24 48
24 47
24 46
24 45
24 44
24 43
24 42
24 41
24 40
24 39
24 38
24 37
24 36
24 35
24 34
24 33
24 32
24 31
24 30
24 29
24 28
24 27
24 26
24 25
24 24
24 23
24 22
24 21
24 20
24 19
24 18
24 17
24 16
24 15
24 14
24 13
24 12
24 11
24 10
24 9
24 8
24 7
24 6
24 5
24 4
24 3
24 2
24 1
23 329
22 305
21 305
1 305
20 305
2 305
19 305
3 305
18 305
4 305
17 305
5 305
16 305
6 305
15 305
7 305
14 305
8 305
13 305
9 305
12 305
10 305
11 305
23 328
23 327
23 326
23 325
23 324
23 323
23 322
23 321
23 320
23 319
23 318
23 317
23 316
23 315
23 314
23 313
23 312
23 311
23 310
23 309
23 308
23 307
23 306
23 305
1 306
1 307
1 308
1 309
1 310
1 311
1 312
1 313
1 314
1 315
1 316
1 317
1 318
1 319
1 320
1 321
1 322
1 323
1 324
1 325
1 326
1 327
1 328
1 329
22 329
21 306
20 306
19 306
2 306
18 306
3 306
17 306
4 306
16 306
5 306
15 306
6 306
14 306
7 306
13 306
8 306
12 306
9 306
11 306
10 306
22 328
22 327
22 326
22 325
22 324
22 323
22 322
22 321
22 320
22 319
22 318
22 317
22 316
22 315
22 314
22 313
22 312
22 311
22 310
22 309
22 308
22 307
22 306
2 307
2 308
2 309
2 310
2 311
2 312
2 313
2 314
2 315
2 316
2 317
2 318
2 319
2 320
2 321
2 322
2 323
2 324
2 325
2 326
2 327
2 328
2 329
21 329
20 307
19 307
18 307
17 307
3 307
16 307
4 307
15 307
5 307
14 307
6 307
13 307
7 307
12 307
8 307
11 307
9 307
10 307
21 328
21 327
21 326
21 325
21 324
21 323
21 322
21 321
21 320
21 319
21 318
21 317
21 316
21 315
21 314
21 313
21 312
21 311
21 310
21 309
21 308
21 307
3 308
3 309
3 310
3 311
3 312
3 313
3 314
3 315
3 316
3 317
3 318
3 319
3 320
3 321
3 322
3 323
3 324
3 325
3 326
3 327
3 328
3 329
20 329
19 308
18 308
17 308
16 308
15 308
4 308
14 308
5 308
13 308
6 308
12 308
7 308
11 308
8 308
10 308
9 308
20 328
20 327
20 326
20 325
20 324
20 323
20 322
20 321
20 320
20 319
20 318
20 317
20 316
20 315
20 314
20 313
20 312
20 311
20 310
20 309
20 308
4 309
4 310
4 311
4 312
4 313
4 314
4 315
4 316
4 317
4 318
4 319
4 320
4 321
4 322
4 323
4 324
4 325
4 326
4 327
4 328
4 329
19 329
18 309
17 309
16 309
15 309
14 309
13 309
5 309
12 309
6 309
11 309
7 309
10 309
8 309
9 309
19 328
19 327
19 326
19 325
19 324
19 323
19 322
19 321
19 320
19 319
19 318
19 317
19 316
19 315
19 314
19 313
19 312
19 311
19 310
19 309
5 310
5 311
5 312
5 313
5 314
5 315
5 316
5 317
5 318
5 319
5 320
5 321
5 322
5 323
5 324
5 325
5 326
5 327
5 328
5 329
18 329
17 310
16 310
15 310
14 310
13 310
12 310
11 310
6 310
10 310
7 310
9 310
8 310
18 328
18 327
18 326
18 325
18 324
18 323
18 322
18 321
18 320
18 319
18 318
18 317
18 316
18 315
18 314
18 313
18 312
18 311
18 310
6 311
6 312
6 313
6 314
6 315
6 316
6 317
6 318
6 319
6 320
6 321
6 322
6 323
6 324
6 325
6 326
6 327
6 328
6 329
17 329
16 311
15 311
14 311
13 311
12 311
11 311
10 311
9 311
7 311
8 311
17 328
17 327
17 326
17 325
17 324
17 323
17 322
17 321
17 320
17 319
17 318
17 317
17 316
17 315
17 314
17 313
17 312
17 311
7 312
7 313
7 314
7 315
7 316
7 317
7 318
7 319
7 320
7 321
7 322
7 323
7 324
7 325
7 326
7 327
7 328
7 329
16 329
15 312
14 312
13 312
12 312
11 312
10 312
9 312
8 312
16 328
16 327
16 326
16 325
16 324
16 323
16 322
16 321
16 320
16 319
16 318
16 317
16 316
16 315
16 314
16 313
16 312
8 313
8 314
8 315
8 316
8 317
8 318
8 319
8 320
8 321
8 322
8 323
8 324
8 325
8 326
8 327
8 328
8 329
15 329
14 313
13 313
12 313
11 313
10 313
9 313
15 328
15 327
15 326
15 325
15 324
15 323
15 322
15 321
15 320
15 319
15 318
15 317
15 316
15 315
15 314
15 313
9 314
9 315
9 316
9 317
9 318
9 319
9 320
9 321
9 322
9 323
9 324
9 325
9 326
9 327
9 328
9 329
14 329
13 314
12 314
11 314
10 314
14 328
14 327
14 326
14 325
14 324
14 323
14 322
14 321
14 320
14 319
14 318
14 317
14 316
14 315
14 314
10 315
10 316
10 317
10 318
10 319
10 320
10 321
10 322
10 323
10 324
10 325
10 326
10 327
10 328
10 329
13 329
12 315
11 315
13 328
13 327
13 326
13 325
13 324
13 323
13 322
13 321
13 320
13 319
13 318
13 317
13 316
13 315
11 316
11 317
11 318
11 319
11 320
11 321
11 322
11 323
11 324
11 325
11 326
11 327
11 328
11 329
12 329
12 328
12 327
12 326
12 325
12 324
12 323
12 322
12 321
12 320
12 319
12 318
12 317
12 316
25 354
25 353
25 352
25 351
25 350
25 349
25 348
25 347
25 346
25 345
25 344
25 343
25 342
25 341
25 340
25 339
25 338
25 337
25 336
25 335
25 334
25 333
25 332
25 331
25 330
25 329
25 328
25 327
25 326
25 325
25 324
25 323
25 322
25 321
25 320
25 319
25 318
25 317
25 316
25 315
25 314
25 313
25 312
25 311
25 310
25 309
25 308
25 307
25 306
25 305
25 304
25 303
25 302
25 301
25 300
25 299
25 298
25 297
25 296
25 295
25 294
25 293
25 292
25 291
25 290
25 289
25 288
25 287
25 286
25 285
25 284
25 283
25 282
25 281
25 280
25 279
25 278
25 277
25 276
25 275
25 274
25 273
25 272
25 271
25 270
25 269
25 268
25 267
25 266
25 265
25 264
25 263
25 262
25 261
25 260
25 259
25 258
25 257
25 256
25 255
25 254
25 253
25 252
25 251
25 250
25 249
25 248
25 247
25 246
25 245
25 244
25 243
25 242
25 241
25 240
25 239
25 238
25 237
25 236
25 235
25 234
25 233
25 232
25 231
25 230
25 229
25 228
25 227
25 226
25 225
25 224
25 223
25 222
25 221
25 220
25 219
25 218
25 217
25 216
25 215
25 214
25 213
25 212
25 211
25 210
25 209
25 208
25 207
25 206
25 205
25 204
25 203
25 202
25 201
25 200
25 199
25 198
25 197
25 196
25 195
25 194
25 193
25 192
25 191
25 190
25 189
25 188
25 187
25 186
25 185
25 184
25 183
25 182
25 181
25 180
25 179
25 178
25 177
25 176
25 175
25 174
25 173
25 172
25 171
25 170
25 169
25 168
25 167
25 166
25 165
25 164
25 163
25 162
25 161
25 160
25 159
25 158
25 157
25 156
25 155
25 154
25 153
25 152
25 151
25 150
25 149
25 148
25 147
25 146
25 145
25 144
25 143
25 142
25 141
25 140
25 139
25 138
25 137
25 136
25 135
25 134
25 133
25 132
25 131
25 130
25 129
25 128
25 127
25 126
25 125
25 124
25 123
25 122
25 121
25 120
25 119
25 118
25 117
25 116
25 115
25 114
25 113
25 112
25 111
25 110
25 109
25 108
25 107
25 106
25 105
25 104
25 103
25 102
25 101
25 100
25 99
25 98
25 97
25 96
25 95
25 94
25 93
25 92
25 91
25 90
25 89
25 88
25 87
25 86
25 85
25 84
25 83
25 82
25 81
25 80
25 79
25 78
25 77
25 76
25 75
25 74
25 73
25 72
25 71
25 70
25 69
25 68
25 67
25 66
25 65
25 64
25 63
25 62
25 61
25 60
25 59
25 58
25 57
25 56
25 55
25 54
25 53
25 52
25 51
25 50
25 49
25 48
25 47
25 46
25 45
25 44
25 43
25 42
25 41
25 40
25 39
25 38
25 37
25 36
25 35
25 34
25 33
25 32
25 31
25 30
25 29
25 28
25 27
25 26
25 25
25 24
25 23
25 22
25 21
25 20
25 19
25 18
25 17
25 16
25 15
25 14
25 13
25 12
25 11
25 10
25 9
25 8
25 7
25 6
25 5
25 4
25 3
25 2
25 1
24 355
23 330
22 330
1 330
21 330
2 330
20 330
3 330
19 330
4 330
18 330
5 330
17 330
6 330
16 330
7 330
15 330
8 330
14 330
9 330
13 330
10 330
12 330
11 330
24 354
24 353
24 352
24 351
24 350
24 349
24 348
24 347
24 346
24 345
24 344
24 343
24 342
24 341
24 340
24 339
24 338
24 337
24 336
24 335
24 334
24 333
24 332
24 331
24 330
1 331
1 332
1 333
1 334
1 335
1 336
1 337
1 338
1 339
1 340
1 341
1 342
1 343
1 344
1 345
1 346
1 347
1 348
1 349
1 350
1 351
1 352
1 353
1 354
1 355
23 355
22 331
21 331
20 331
2 331
19 331
3 331
18 331
4 331
17 331
5 331
16 331
6 331
15 331
7 331
14 331
8 331
13 331
9 331
12 331
10 331
11 331
23 354
23 353
23 352
23 351
23 350
23 349
23 348
23 347
23 346
23 345
23 344
23 343
23 342
23 341
23 340
23 339
23 338
23 337
23 336
23 335
23 334
23 333
23 332
23 331
2 332
2 333
2 334
2 335
2 336
2 337
2 338
2 339
2 340
2 341
2 342
2 343
2 344
2 345
2 346
2 347
2 348
2 349
2 350
2 351
2 352
2 353
2 354
2 355
22 355
21 332
20 332
19 332
18 332
3 332
17 332
4 332
16 332
5 332
15 332
6 332
14 332
7 332
13 332
8 332
12 332
9 332
11 332
10 332
22 354
22 353
22 352
22 351
22 350
22 349
22 348
22 347
22 346
22 345
22 344
22 343
22 342
22 341
22 340
22 339
22 338
22 337
22 336
22 335
22 334
22 333
22 332
3 333
3 334
3 335
3 336
3 337
3 338
3 339
3 340
3 341
3 342
3 343
3 344
3 345
3 346
3 347
3 348
3 349
3 350
3 351
3 352
3 353
3 354
3 355
21 355
20 333
19 333
18 333
17 333
16 333
4 333
15 333
5 333
14 333
6 333
13 333
7 333
12 333
8 333
11 333
9 333
10 333
21 354
21 353
21 352
21 351
21 350
21 349
21 348
21 347
21 346
21 345
21 344
21 343
21 342
21 341
21 340
21 339
21 338
21 337
21 336
21 335
21 334
21 333
4 334
4 335
4 336
4 337
4 338
4 339
4 340
4 341
4 342
4 343
4 344
4 345
4 346
4 347
4 348
4 349
4 350
4 351
4 352
4 353
4 354
4 355
20 355
19 334
18 334
17 334
16 334
15 334
14 334
5 334
13 334
6 334
12 334
7 334
11 334
8 334
10 334
9 334
20 354
20 353
20 352
20 351
20 350
20 349
20 348
20 347
20 346
20 345
20 344
20 343
20 342
20 341
20 340
20 339
20 338
20 337
20 336
20 335
20 334
5 335
5 336
5 337
5 338
5 339
5 340
5 341
5 342
5 343
5 344
5 345
5 346
5 347
5 348
5 349
5 350
5 351
5 352
5 353
5 354
5 355
19 355
18 335
17 335
16 335
15 335
14 335
13 335
12 335
6 335
11 335
7 335
10 335
8 335
9 335
19 354
19 353
19 352
19 351
19 350
19 349
19 348
19 347
19 346
19 345
19 344
19 343
19 342
19 341
19 340
19 339
19 338
19 337
19 336
19 335
6 336
6 337
6 338
6 339
6 340
6 341
6 342
6 343
6 344
6 345
6 346
6 347
6 348
6 349
6 350
6 351
6 352
6 353
6 354
6 355
18 355
17 336
16 336
15 336
14 336
13 336
12 336
11 336
10 336
7 336
9 336
8 336
18 354
18 353
18 352
18 351
18 350
18 349
18 348
18 347
18 346
18 345
18 344
18 343
18 342
18 341
18 340
18 339
18 338
18 337
18 336
7 337
7 338
7 339
7 340
7 341
7 342
7 343
7 344
7 345
7 346
7 347
7 348
7 349
7 350
7 351
7 352
7 353
7 354
7 355
17 355
16 337
15 337
14 337
13 337
12 337
11 337
10 337
9 337
8 337
17 354
17 353
17 352
17 351
17 350
17 349
17 348
17 347
17 346
17 345
17 344
17 343
17 342
17 341
17 340
17 339
17 338
17 337
8 338
8 339
8 340
8 341
8 342
8 343
8 344
8 345
8 346
8 347
8 348
8 349
8 350
8 351
8 352
8 353
8 354
8 355
16 355
15 338
14 338
13 338
12 338
11 338
10 338
9 338
16 354
16 353
16 352
16 351
16 350
16 349
16 348
16 347
16 346
16 345
16 344
16 343
16 342
16 341
16 340
16 339
16 338
9 339
9 340
9 341
9 342
9 343
9 344
9 345
9 346
9 347
9 348
9 349
9 350
9 351
9 352
9 353
9 354
9 355
15 355
14 339
13 339
12 339
11 339
10 339
15 354
15 353
15 352
15 351
15 350
15 349
15 348
15 347
15 346
15 345
15 344
15 343
15 342
15 341
15 340
15 339
10 340
10 341
10 342
10 343
10 344
10 345
10 346
10 347
10 348
10 349
10 350
10 351
10 352
10 353
10 354
10 355
14 355
13 340
12 340
11 340
14 354
14 353
14 352
14 351
14 350
14 349
14 348
14 347
14 346
14 345
14 344
14 343
14 342
14 341
14 340
11 341
11 342
11 343
11 344
11 345
11 346
11 347
11 348
11 349
11 350
11 351
11 352
11 353
11 354
11 355
13 355
12 341
13 354
13 353
13 352
13 351
13 350
13 349
13 348
13 347
13 346
13 345
13 344
13 343
13 342
13 341
12 342
12 343
12 344
12 345
12 346
12 347
12 348
12 349
12 350
12 351
12 352
12 353
12 354
12 355
26 381
26 380
26 379
26 378
26 377
26 376
26 375
26 374
26 373
26 372
26 371
26 370
26 369
26 368
26 367
26 366
26 365
26 364
26 363
26 362
26 361
26 360
26 359
26 358
26 357
26 356
26 355
26 354
26 353
26 352
26 351
26 350
26 349
26 348
26 347
26 346
26 345
26 344
26 343
26 342
26 341
26 340
26 339
26 338
26 337
26 336
26 335
26 334
26 333
26 332
26 331
26 330
26 329
26 328
26 327
26 326
26 325
26 324
26 323
26 322
26 321
26 320
26 319
26 318
26 317
26 316
26 315
26 314
26 313
26 312
26 311
26 310
26 309
26 308
26 307
26 306
26 305
26 304
26 303
26 302
26 301
26 300
26 299
26 298
26 297
26 296
26 295
26 294
26 293
26 292
26 291
26 290
26 289
26 288
26 287
26 286
26 285
26 284
26 283
26 282
26 281
26 280
26 279
26 278
26 277
26 276
26 275
26 274
26 273
26 272
26 271
26 270
26 269
26 268
26 267
26 266
26 265
26 264
26 263
26 262
26 261
26 260
26 259
26 258
26 257
26 256
26 255
26 254
26 253
26 252
26 251
26 250
26 249
26 248
26 247
26 246
26 245
26 244
26 243
26 242
26 241
26 240
26 239
26 238
26 237
26 236
26 235
26 234
26 233
26 232
26 231
26 230
26 229
26 228
26 227
26 226
26 225
26 224
26 223
26 222
26 221
26 220
26 219
26 218
26 217
26 216
26 215
26 214
26 213
26 212
26 211
26 210
26 209
26 208
26 207
26 206
26 205
26 204
26 203
26 202
26 201
26 200
26 199
26 198
26 197
26 196
26 195
26 194
26 193
26 192
26 191
26 190
26 189
26 188
26 187
26 186
26 185
26 184
26 183
26 182
26 181
26 180
26 179
26 178
26 177
26 176
26 175
26 174
26 173
26 172
26 171
26 170
26 169
26 168
26 167
26 166
26 165
26 164
26 163
26 162
26 161
26 160
26 159
26 158
26 157
26 156
26 155
26 154
26 153
26 152
26 151
26 150
26 149
26 148
26 147
26 146
26 145
26 144
26 143
26 142
26 141
26 140
26 139
26 138
26 137
26 136
26 135
26 134
26 133
26 132
26 131
26 130
26 129
26 128
26 127
26 126
26 125
26 124
26 123
26 122
26 121
26 120
26 119
26 118
26 117
26 116
26 115
26 114
26 113
26 112
26 111
26 110
26 109
26 108
26 107
26 106
26 105
26 104
26 103
26 102
26 101
26 100
26 99
26 98
26 97
26 96
26 95
26 94
26 93
26 92
26 91
26 90
26 89
26 88
26 87
26 86
26 85
26 84
26 83
26 82
26 81
26 80
26 79
26 78
26 77
26 76
26 75
26 74
26 73
26 72
26 71
26 70
26 69
26 68
26 67
26 66
26 65
26 64
26 63
26 62
26 61
26 60
26 59
26 58
26 57
26 56
26 55
26 54
26 53
26 52
26 51
26 50
26 49
26 48
26 47
26 46
26 45
26 44
26 43
26 42
26 41
26 40
26 39
26 38
26 37
26 36
26 35
26 34
26 33
26 32
26 31
26 30
26 29
26 28
26 27
26 26
26 25
26 24
26 23
26 22
26 21
26 20
26 19
26 18
26 17
26 16
26 15
26 14
26 13
26 12
26 11
26 10
26 9
26 8
26 7
26 6
26 5
26 4
26 3
26 2
26 1
25 382
24 356
23 356
1 356
22 356
2 356
21 356
3 356
20 356
4 356
19 356
5 356
18 356
6 356
17 356
7 356
16 356
8 356
15 356
9 356
14 356
10 356
13 356
11 356
12 356
25 381
25 380
25 379
25 378
25 377
25 376
25 375
25 374
25 373
25 372
25 371
25 370
25 369
25 368
25 367
25 366
25 365
25 364
25 363
25 362
25 361
25 360
25 359
25 358
25 357
25 356
1 357
1 358
1 359
1 360
1 361
1 362
1 363
1 364
1 365
1 366
1 367
1 368
1 369
1 370
1 371
1 372
1 373
1 374
1 375
1 376
1 377
1 378
1 379
1 380
1 381
1 382
24 382
23 357
22 357
21 357
2 357
20 357
3 357
19 357
4 357
18 357
5 357
17 357
6 357
16 357
7 357
15 357
8 357
14 357
9 357
13 357
10 357
12 357
11 357
24 381
24 380
24 379
24 378
24 377
24 376
24 375
24 374
24 373
24 372
24 371
24 370
24 369
24 368
24 367
24 366
24 365
24 364
24 363
24 362
24 361
24 360
24 359
24 358
24 357
2 358
2 359
2 360
2 361
2 362
2 363
2 364
2 365
2 366
2 367
2 368
2 369
2 370
2 371
2 372
2 373
2 374
2 375
2 376
2 377
2 378
2 379
2 380
2 381
2 382
23 382
22 358
21 358
20 358
19 358
3 358
18 358
4 358
17 358
5 358
16 358
6 358
15 358
7 358
14 358
8 358
13 358
9 358
12 358
10 358
11 358
23 381
23 380
23 379
23 378
23 377
23 376
23 375
23 374
23 373
23 372
23 371
23 370
23 369
23 368
23 367
23 366
23 365
23 364
23 363
23 362
23 361
23 360
23 359
23 358
3 359
3 360
3 361
3 362
3 363
3 364
3 365
3 366
3 367
3 368
3 369
3 370
3 371
3 372
3 373
3 374
3 375
3 376
3 377
3 378
3 379
3 380
3 381
3 382
22 382
21 359
20 359
19 359
18 359
17 359
4 359
16 359
5 359
15 359
6 359
14 359
7 359
13 359
8 359
12 359
9 359
11 359
10 359
22 381
22 380
22 379
22 378
22 377
22 376
22 375
22 374
22 373
22 372
22 371
22 370
22 369
22 368
22 367
22 366
22 365
22 364
22 363
22 362
22 361
22 360
22 359
4 360
4 361
4 362
4 363
4 364
4 365
4 366
4 367
4 368
4 369
4 370
4 371
4 372
4 373
4 374
4 375
4 376
4 377
4 378
4 379
4 380
4 381
4 382
21 382
20 360
19 360
18 360
17 360
16 360
15 360
5 360
14 360
6 360
13 360
7 360
12 360
8 360
11 360
9 360
10 360
21 381
21 380
21 379
21 378
21 377
21 376
21 375
21 374
21 373
21 372
21 371
21 370
21 369
21 368
21 367
21 366
21 365
21 364
21 363
21 362
21 361
21 360
5 361
5 362
5 363
5 364
5 365
5 366
5 367
5 368
5 369
5 370
5 371
5 372
5 373
5 374
5 375
5 376
5 377
5 378
5 379
5 380
5 381
5 382
20 382
19 361
18 361
17 361
16 361
15 361
14 361
13 361
6 361
12 361
7 361
11 361
8 361
10 361
9 361
20 381
20 380
20 379
20 378
20 377
20 376
20 375
20 374
20 373
20 372
20 371
20 370
20 369
20 368
20 367
20 366
20 365
20 364
20 363
20 362
20 361
6 362
6 363
6 364
6 365
6 366
6 367
6 368
6 369
6 370
6 371
6 372
6 373
6 374
6 375
6 376
6 377
6 378
6 379
6 380
6 381
6 382
19 382
18 362
17 362
16 362
15 362
14 362
13 362
12 362
11 362
7 362
10 362
8 362
9 362
19 381
19 380
19 379
19 378
19 377
19 376
19 375
19 374
19 373
19 372
19 371
19 370
19 369
19 368
19 367
19 366
19 365
19 364
19 363
19 362
7 363
7 364
7 365
7 366
7 367
7 368
7 369
7 370
7 371
7 372
7 373
7 374
7 375
7 376
7 377
7 378
7 379
7 380
7 381
7 382
18 382
17 363
16 363
15 363
14 363
13 363
12 363
11 363
10 363
9 363
8 363
18 381
18 380
18 379
18 378
18 377
18 376
18 375
18 374
18 373
18 372
18 371
18 370
18 369
18 368
18 367
18 366
18 365
18 364
18 363
8 364
8 365
8 366
8 367
8 368
8 369
8 370
8 371
8 372
8 373
8 374
8 375
8 376
8 377
8 378
8 379
8 380
8 381
8 382
17 382
16 364
15 364
14 364
13 364
12 364
11 364
10 364
9 364
17 381
17 380
17 379
17 378
17 377
17 376
17 375
17 374
17 373
17 372
17 371
17 370
17 369
17 368
17 367
17 366
17 365
17 364
9 365
9 366
9 367
9 368
9 369
9 370
9 371
9 372
9 373
9 374
9 375
9 376
9 377
9 378
9 379
9 380
9 381
9 382
16 382
15 365
14 365
13 365
12 365
11 365
10 365
16 381
16 380
16 379
16 378
16 377
16 376
16 375
16 374
16 373
16 372
16 371
16 370
16 369
16 368
16 367
16 366
16 365
10 366
10 367
10 368
10 369
10 370
10 371
10 372
10 373
10 374
10 375
10 376
10 377
10 378
10 379
10 380
10 381
10 382
15 382
14 366
13 366
12 366
11 366
15 381
15 380
15 379
15 378
15 377
15 376
15 375
15 374
15 373
15 372
15 371
15 370
15 369
15 368
15 367
15 366
11 367
11 368
11 369
11 370
11 371
11 372
11 373
11 374
11 375
11 376
11 377
11 378
11 379
11 380
11 381
11 382
14 382
13 367
12 367
14 381
14 380
14 379
14 378
14 377
14 376
14 375
14 374
14 373
14 372
14 371
14 370
14 369
14 368
14 367
12 368
12 369
12 370
12 371
12 372
12 373
12 374
12 375
12 376
12 377
12 378
12 379
12 380
12 381
12 382
13 382
13 381
13 380
13 379
13 378
13 377
13 376
13 375
13 374
13 373
13 372
13 371
13 370
13 369
13 368
27 409
27 408
27 407
27 406
27 405
27 404
27 403
27 402
27 401
27 400
27 399
27 398
27 397
27 396
27 395
27 394
27 393
27 392
27 391
27 390
27 389
27 388
27 387
27 386
27 385
27 384
27 383
27 382
27 381
27 380
27 379
27 378
27 377
27 376
27 375
27 374
27 373
27 372
27 371
27 370
27 369
27 368
27 367
27 366
27 365
27 364
27 363
27 362
27 361
27 360
27 359
27 358
27 357
27 356
27 355
27 354
27 353
27 352
27 351
27 350
27 349
27 348
27 347
27 346
27 345
27 344
27 343
27 342
27 341
27 340
27 339
27 338
27 337
27 336
27 335
27 334
27 333
27 332
27 331
27 330
27 329
27 328
27 327
27 326
27 325
27 324
27 323
27 322
27 321
27 320
27 319
27 318
27 317
27 316
27 315
27 314
27 313
27 312
27 311
27 310
27 309
27 308
27 307
27 306
27 305
27 304
27 303
27 302
27 301
27 300
27 299
27 298
27 297
27 296
27 295
27 294
27 293
27 292
27 291
27 290
27 289
27 288
27 287
27 286
27 285
27 284
27 283
27 282
27 281
27 280
27 279
27 278
27 277
27 276
27 275
27 274
27 273
27 272
27 271
27 270
27 269
27 268
27 267
27 266
27 265
27 264
27 263
27 262
27 261
27 260
27 259
27 258
27 257
27 256
27 255
27 254
27 253
27 252
27 251
27 250
27 249
27 248
27 247
27 246
27 245
27 244
27 243
27 242
27 241
27 240
27 239
27 238
27 237
27 236
27 235
27 234
27 233
27 232
27 231
27 230
27 229
27 228
27 227
27 226
27 225
27 224
27 223
27 222
27 221
27 220
27 219
27 218
27 217
27 216
27 215
27 214
27 213
27 212
27 211
27 210
27 209
27 208
27 207
27 206
27 205
27 204
27 203
27 202
27 201
27 200
27 199
27 198
27 197
27 196
27 195
27 194
27 193
27 192
27 191
27 190
27 189
27 188
27 187
27 186
27 185
27 184
27 183
27 182
27 181
27 180
27 179
27 178
27 177
27 176
27 175
27 174
27 173
27 172
27 171
27 170
27 169
27 168
27 167
27 166
27 165
27 164
27 163
27 162
27 161
27 160
27 159
27 158
27 157
27 156
27 155
27 154
27 153
27 152
27 151
27 150
27 149
27 148
27 147
27 146
27 145
27 144
27 143
27 142
27 141
27 140
27 139
27 138
27 137
27 136
27 135
27 134
27 133
27 132
27 131
27 130
27 129
27 128
27 127
27 126
27 125
27 124
27 123
27 122
27 121
27 120
27 119
27 118
27 117
27 116
27 115
27 114
27 113
27 112
27 111
27 110
27 109
27 108
27 107
27 106
27 105
27 104
27 103
27 102
27 101
27 100
27 99
27 98
27 97
27 96
27 95
27 94
27 93
27 92
27 91
27 90
27 89
27 88
27 87
27 86
27 85
27 84
27 83
27 82
27 81
27 80
27 79
27 78
27 77
27 76
27 75
27 74
27 73
27 72
27 71
27 70
27 69
27 68
27 67
27 66
27 65
27 64
27 63
27 62
27 61
27 60
27 59
27 58
27 57
27 56
27 55
27 54
27 53
27 52
27 51
27 50
27 49
27 48
27 47
27 46
27 45
27 44
27 43
27 42
27 41
27 40
27 39
27 38
27 37
27 36
27 35
27 34
27 33
27 32
27 31
27 30
27 29
27 28
27 27
27 26
27 25
27 24
27 23
27 22
27 21
27 20
27 19
27 18
27 17
27 16
27 15
27 14
27 13
27 12
27 11
27 10
27 9
27 8
27 7
27 6
27 5
27 4
27 3
27 2
27 1
26 410
25 383
24 383
1 383
23 383
2 383
22 383
3 383
21 383
4 383
20 383
5 383
19 383
6 383
18 383
7 383
17 383
8 383
16 383
9 383
15 383
10 383
14 383
11 383
13 383
12 383
26 409
26 408
26 407
26 406
26 405
26 404
26 403
26 402
26 401
26 400
26 399
26 398
26 397
26 396
26 395
26 394
26 393
26 392
26 391
26 390
26 389
26 388
26 387
26 386
26 385
26 384
26 383
1 384
1 385
1 386
1 387
1 388
1 389
1 390
1 391
1 392
1 393
1 394
1 395
1 396
1 397
1 398
1 399
1 400
1 401
1 402
1 403
1 404
1 405
1 406
1 407
1 408
1 409
1 410
25 410
24 384
23 384
22 384
2 384
21 384
3 384
20 384
4 384
19 384
5 384
18 384
6 384
17 384
7 384
16 384
8 384
15 384
9 384
14 384
10 384
13 384
11 384
12 384
25 409
25 408
25 407
25 406
25 405
25 404
25 403
25 402
25 401
25 400
25 399
25 398
25 397
25 396
25 395
25 394
25 393
25 392
25 391
25 390
25 389
25 388
25 387
25 386
25 385
25 384
2 385
2 386
2 387
2 388
2 389
2 390
2 391
2 392
2 393
2 394
2 395
2 396
2 397
2 398
2 399
2 400
2 401
2 402
2 403
2 404
2 405
2 406
2 407
2 408
2 409
2 410
24 410
23 385
22 385
21 385
20 385
3 385
19 385
4 385
18 385
5 385
17 385
6 385
16 385
7 385
15 385
8 385
14 385
9 385
13 385
10 385
12 385
11 385
24 409
24 408
24 407
24 406
24 405
24 404
24 403
24 402
24 401
24 400
24 399
24 398
24 397
24 396
24 395
24 394
24 393
24 392
24 391
24 390
24 389
24 388
24 387
24 386
24 385
3 386
3 387
3 388
3 389
3 390
3 391
3 392
3 393
3 394
3 395
3 396
3 397
3 398
3 399
3 400
3 401
3 402
3 403
3 404
3 405
3 406
3 407
3 408
3 409
3 410
23 410
22 386
21 386
20 386
19 386
18 386
4 386
17 386
5 386
16 386
6 386
15 386
7 386
14 386
8 386
13 386
9 386
12 386
10 386
11 386
23 409
23 408
23 407
23 406
23 405
23 404
23 403
23 402
23 401
23 400
23 399
23 398
23 397
23 396
23 395
23 394
23 393
23 392
23 391
23 390
23 389
23 388
23 387
23 386
4 387
4 388
4 389
4 390
4 391
4 392
4 393
4 394
4 395
4 396
4 397
4 398
4 399
4 400
4 401
4 402
4 403
4 404
4 405
4 406
4 407
4 408
4 409
4 410
22 410
21 387
20 387
19 387
18 387
17 387
16 387
5 387
15 387
6 387
14 387
7 387
13 387
8 387
12 387
9 387
11 387
10 387
22 409
22 408
22 407
22 406
22 405
22 404
22 403
22 402
22 401
22 400
22 399
22 398
22 397
22 396
22 395
22 394
22 393
22 392
22 391
22 390
22 389
22 388
22 387
5 388
5 389
5 390
5 391
5 392
5 393
5 394
5 395
5 396
5 397
5 398
5 399
5 400
5 401
5 402
5 403
5 404
5 405
5 406
5 407
5 408
5 409
5 410
21 410
20 388
19 388
18 388
17 388
16 388
15 388
14 388
6 388
13 388
7 388
12 388
8 388
11 388
9 388
10 388
21 409
21 408
21 407
21 406
21 405
21 404
21 403
21 402
21 401
21 400
21 399
21 398
21 397
21 396
21 395
21 394
21 393
21 392
21 391
21 390
21 389
21 388
6 389
6 390
6 391
6 392
6 393
6 394
6 395
6 396
6 397
6 398
6 399
6 400
6 401
6 402
6 403
6 404
6 405
6 406
6 407
6 408
6 409
6 410
20 410
19 389
18 389
17 389
16 389
15 389
14 389
13 389
12 389
7 389
11 389
8 389
10 389
9 389
20 409
20 408
20 407
20 406
20 405
20 404
20 403
20 402
20 401
20 400
20 399
20 398
20 397
20 396
20 395
20 394
20 393
20 392
20 391
20 390
20 389
7 390
7 391
7 392
7 393
7 394
7 395
7 396
7 397
7 398
7 399
7 400
7 401
7 402
7 403
7 404
7 405
7 406
7 407
7 408
7 409
7 410
19 410
18 390
17 390
16 390
15 390
14 390
13 390
12 390
11 390
10 390
8 390
9 390
19 409
19 408
19 407
19 406
19 405
19 404
19 403
19 402
19 401
19 400
19 399
19 398
19 397
19 396
19 395
19 394
19 393
19 392
19 391
19 390
8 391
8 392
8 393
8 394
8 395
8 396
8 397
8 398
8 399
8 400
8 401
8 402
8 403
8 404
8 405
8 406
8 407
8 408
8 409
8 410
18 410
17 391
16 391
15 391
14 391
13 391
12 391
11 391
10 391
9 391
18 409
18 408
18 407
18 406
18 405
18 404
18 403
18 402
18 401
18 400
18 399
18 398
18 397
18 396
18 395
18 394
18 393
18 392
18 391
9 392
9 393
9 394
9 395
9 396
9 397
9 398
9 399
9 400
9 401
9 402
9 403
9 404
9 405
9 406
9 407
9 408
9 409
9 410
17 410
16 392
15 392
14 392
13 392
12 392
11 392
10 392
17 409
17 408
17 407
17 406
17 405
17 404
17 403
17 402
17 401
17 400
17 399
17 398
17 397
17 396
17 395
17 394
17 393
17 392
10 393
10 394
10 395
10 396
10 397
10 398
10 399
10 400
10 401
10 402
10 403
10 404
10 405
10 406
10 407
10 408
10 409
10 410
16 410
15 393
14 393
13 393
12 393
11 393
16 409
16 408
16 407
16 406
16 405
16 404
16 403
16 402
16 401
16 400
16 399
16 398
16 397
16 396
16 395
16 394
16 393
11 394
11 395
11 396
11 397
11 398
11 399
11 400
11 401
11 402
11 403
11 404
11 405
11 406
11 407
11 408
11 409
11 410
15 410
14 394
13 394
12 394
15 409
15 408
15 407
15 406
15 405
15 404
15 403
15 402
15 401
15 400
15 399
15 398
15 397
15 396
15 395
15 394
12 395
12 396
12 397
12 398
12 399
12 400
12 401
12 402
12 403
12 404
12 405
12 406
12 407
12 408
12 409
12 410
14 410
13 395
14 409
14 408
14 407
14 406
14 405
14 404
14 403
14 402
14 401
14 400
14 399
14 398
14 397
14 396
14 395
13 396
13 397
13 398
13 399
13 400
13 401
13 402
13 403
13 404
13 405
13 406
13 407
13 408
13 409
13 410
28 438
28 437
28 436
28 435
28 434
28 433
28 432
28 431
28 430
28 429
28 428
28 427
28 426
28 425
28 424
28 423
28 422
28 421
28 420
28 419
28 418
28 417
28 416
28 415
28 414
28 413
28 412
28 411
28 410
28 409
28 408
28 407
28 406
28 405
28 404
28 403
28 402
28 401
28 400
28 399
28 398
28 397
28 396
28 395
28 394
28 393
28 392
28 391
28 390
28 389
28 388
28 387
28 386
28 385
28 384
28 383
28 382
28 381
28 380
28 379
28 378
28 377
28 376
28 375
28 374
28 373
28 372
28 371
28 370
28 369
28 368
28 367
28 366
28 365
28 364
28 363
28 362
28 361
28 360
28 359
28 358
28 357
28 356
28 355
28 354
28 353
28 352
28 351
28 350
28 349
28 348
28 347
28 346
28 345
28 344
28 343
28 342
28 341
28 340
28 339
28 338
28 337
28 336
28 335
28 334
28 333
28 332
28 331
28 330
28 329
28 328
28 327
28 326
28 325
28 324
28 323
28 322
28 321
28 320
28 319
28 318
28 317
28 316
28 315
28 314
28 313
28 312
28 311
28 310
28 309
28 308
28 307
28 306
28 305
28 304
28 303
28 302
28 301
28 300
28 299
28 298
28 297
28 296
28 295
28 294
28 293
28 292
28 291
28 290
28 289
28 288
28 287
28 286
28 285
28 284
28 283
28 282
28 281
28 280
28 279
28 278
28 277
28 276
28 275
28 274
28 273
28 272
28 271
28 270
28 269
28 268
28 267
28 266
28 265
28 264
28 263
28 262
28 261
28 260
28 259
28 258
28 257
28 256
28 255
28 254
28 253
28 252
28 251
28 250
28 249
28 248
28 247
28 246
28 245
28 244
28 243
28 242
28 241
28 240
28 239
28 238
28 237
28 236
28 235
28 234
28 233
28 232
28 231
28 230
28 229
28 228
28 227
28 226
28 225
28 224
28 223
28 222
28 221
28 220
28 219
28 218
28 217
28 216
28 215
28 214
28 213
28 212
28 211
28 210
28 209
28 208
28 207
28 206
28 205
28 204
28 203
28 202
28 201
28 200
28 199
28 198
28 197
28 196
28 195
28 194
28 193
28 192
28 191
28 190
28 189
28 188
28 187
28 186
28 185
28 184
28 183
28 182
28 181
28 180
28 179
28 178
28 177
28 176
28 175
28 174
28 173
28 172
28 171
28 170
28 169
28 168
28 167
28 166
28 165
28 164
28 163
28 162
28 161
28 160
28 159
28 158
28 157
28 156
28 155
28 154
28 153
28 152
28 151
28 150
28 149
28 148
28 147
28 146
28 145
28 144
28 143
28 142
28 141
28 140
28 139
28 138
28 137
28 136
28 135
28 134
28 133
28 132
28 131
28 130
28 129
28 128
28 127
28 126
28 125
28 124
28 123
28 122
28 121
28 120
28 119
28 118
28 117
28 116
28 115
28 114
28 113
28 112
28 111
28 110
28 109
28 108
28 107
28 106
28 105
28 104
28 103
28 102
28 101
28 100
28 99
28 98
28 97
28 96
28 95
28 94
28 93
28 92
28 91
28 90
28 89
28 88
28 87
28 86
28 85
28 84
28 83
28 82
28 81
28 80
28 79
28 78
28 77
28 76
28 75
28 74
28 73
28 72
28 71
28 70
28 69
28 68
28 67
28 66
28 65
28 64
28 63
28 62
28 61
28 60
28 59
28 58
28 57
28 56
28 55
28 54
28 53
28 52
28 51
28 50
28 49
28 48
28 47
28 46
28 45
28 44
28 43
28 42
28 41
28 40
28 39
28 38
28 37
28 36
28 35
28 34
28 33
28 32
28 31
28 30
28 29
28 28
28 27
28 26
28 25
28 24
28 23
28 22
28 21
28 20
28 19
28 18
28 17
28 16
28 15
28 14
28 13
28 12
28 11
28 10
28 9
28 8
28 7
28 6
28 5
28 4
28 3
28 2
28 1
27 439
26 411
25 411
1 411
24 411
2 411
23 411
3 411
22 411
4 411
21 411
5 411
20 411
6 411
19 411
7 411
18 411
8 411
17 411
9 411
16 411
10 411
15 411
11 411
14 411
12 411
13 411
27 438
27 437
27 436
27 435
27 434
27 433
27 432
27 431
27 430
27 429
27 428
27 427
27 426
27 425
27 424
27 423
27 422
27 421
27 420
27 419
27 418
27 417
27 416
27 415
27 414
27 413
27 412
27 411
1 412
1 413
1 414
1 415
1 416
1 417
1 418
1 419
1 420
1 421
1 422
1 423
1 424
1 425
1 426
1 427
1 428
1 429
1 430
1 431
1 432
1 433
1 434
1 435
1 436
1 437
1 438
1 439
26 439
25 412
24 412
23 412
2 412
22 412
3 412
21 412
4 412
20 412
5 412
19 412
6 412
18 412
7 412
17 412
8 412
16 412
9 412
15 412
10 412
14 412
11 412
13 412
12 412
26 438
26 437
26 436
26 435
26 434
26 433
26 432
26 431
26 430
26 429
26 428
26 427
26 426
26 425
26 424
26 423
26 422
26 421
26 420
26 419
26 418
26 417
26 416
26 415
26 414
26 413
26 412
2 413
2 414
2 415
2 416
2 417
2 418
2 419
2 420
2 421
2 422
2 423
2 424
2 425
2 426
2 427
2 428
2 429
2 430
2 431
2 432
2 433
2 434
2 435
2 436
2 437
2 438
2 439
25 439
24 413
23 413
22 413
21 413
3 413
20 413
4 413
19 413
5 413
18 413
6 413
17 413
7 413
16 413
8 413
15 413
9 413
14 413
10 413
13 413
11 413
12 413
25 438
25 437
25 436
25 435
25 434
25 433
25 432
25 431
25 430
25 429
25 428
25 427
25 426
25 425
25 424
25 423
25 422
25 421
25 420
25 419
25 418
25 417
25 416
25 415
25 414
25 413
3 414
3 415
3 416
3 417
3 418
3 419
3 420
3 421
3 422
3 423
3 424
3 425
3 426
3 427
3 428
3 429
3 430
3 431
3 432
3 433
3 434
3 435
3 436
3 437
3 438
3 439
24 439
23 414
22 414
21 414
20 414
19 414
4 414
18 414
5 414
17 414
6 414
16 414
7 414
15 414
8 414
14 414
9 414
13 414
10 414
12 414
11 414
24 438
24 437
24 436
24 435
24 434
24 433
24 432
24 431
24 430
24 429
24 428
24 427
24 426
24 425
24 424
24 423
24 422
24 421
24 420
24 419
24 418
24 417
24 416
24 415
24 414
4 415
4 416
4 417
4 418
4 419
4 420
4 421
4 422
4 423
4 424
4 425
4 426
4 427
4 428
4 429
4 430
4 431
4 432
4 433
4 434
4 435
4 436
4 437
4 438
4 439
23 439
22 415
21 415
20 415
19 415
18 415
17 415
5 415
16 415
6 415
15 415
7 415
14 415
8 415
13 415
9 415
12 415
10 415
11 415
23 438
23 437
23 436
23 435
23 434
23 433
23 432
23 431
23 430
23 429
23 428
23 427
23 426
23 425
23 424
23 423
23 422
23 421
23 420
23 419
23 418
23 417
23 416
23 415
5 416
5 417
5 418
5 419
5 420
5 421
5 422
5 423
5 424
5 425
5 426
5 427
5 428
5 429
5 430
5 431
5 432
5 433
5 434
5 435
5 436
5 437
5 438
5 439
22 439
21 416
20 416
19 416
18 416
17 416
16 416
15 416
6 416
14 416
7 416
13 416
8 416
12 416
9 416
11 416
10 416
22 438
22 437
22 436
22 435
22 434
22 433
22 432
22 431
22 430
22 429
22 428
22 427
22 426
22 425
22 424
22 423
22 422
22 421
22 420
22 419
22 418
22 417
22 416
6 417
6 418
6 419
6 420
6 421
6 422
6 423
6 424
6 425
6 426
6 427
6 428
6 429
6 430
6 431
6 432
6 433
6 434
6 435
6 436
6 437
6 438
6 439
21 439
20 417
19 417
18 417
17 417
16 417
15 417
14 417
13 417
7 417
12 417
8 417
11 417
9 417
10 417
21 438
21 437
21 436
21 435
21 434
21 433
21 432
21 431
21 430
21 429
21 428
21 427
21 426
21 425
21 424
21 423
21 422
21 421
21 420
21 419
21 418
21 417
7 418
7 419
7 420
7 421
7 422
7 423
7 424
7 425
7 426
7 427
7 428
7 429
7 430
7 431
7 432
7 433
7 434
7 435
7 436
7 437
7 438
7 439
20 439
19 418
18 418
17 418
16 418
15 418
14 418
13 418
12 418
11 418
8 418
10 418
9 418
20 438
20 437
20 436
20 435
20 434
20 433
20 432
20 431
20 430
20 429
20 428
20 427
20 426
20 425
20 424
20 423
20 422
20 421
20 420
20 419
20 418
8 419
8 420
8 421
8 422
8 423
8 424
8 425
8 426
8 427
8 428
8 429
8 430
8 431
8 432
8 433
8 434
8 435
8 436
8 437
8 438
8 439
19 439
18 419
17 419
16 419
15 419
14 419
13 419
12 419
11 419
10 419
9 419
19 438
19 437
19 436
19 435
19 434
19 433
19 432
19 431
19 430
19 429
19 428
19 427
19 426
19 425
19 424
19 423
19 422
19 421
19 420
19 419
9 420
9 421
9 422
9 423
9 424
9 425
9 426
9 427
9 428
9 429
9 430
9 431
9 432
9 433
9 434
9 435
9 436
9 437
9 438
9 439
18 439
17 420
16 420
15 420
14 420
13 420
12 420
11 420
10 420
18 438
18 437
18 436
18 435
18 434
18 433
18 432
18 431
18 430
18 429
18 428
18 427
18 426
18 425
18 424
18 423
18 422
18 421
18 420
10 421
10 422
10 423
10 424
10 425
10 426
10 427
10 428
10 429
10 430
10 431
10 432
10 433
10 434
10 435
10 436
10 437
10 438
10 439
17 439
16 421
15 421
14 421
13 421
12 421
11 421
17 438
17 437
17 436
17 435
17 434
17 433
17 432
17 431
17 430
17 429
17 428
17 427
17 426
17 425
17 424
17 423
17 422
17 421
11 422
11 423
11 424
11 425
11 426
11 427
11 428
11 429
11 430
11 431
11 432
11 433
11 434
11 435
11 436
11 437
11 438
11 439
16 439
15 422
14 422
13 422
12 422
16 438
16 437
16 436
16 435
16 434
16 433
16 432
16 431
16 430
16 429
16 428
16 427
16 426
16 425
16 424
16 423
16 422
12 423
12 424
12 425
12 426
12 427
12 428
12 429
12 430
12 431
12 432
12 433
12 434
12 435
12 436
12 437
12 438
12 439
15 439
14 423
13 423
15 438
15 437
15 436
15 435
15 434
15 433
15 432
15 431
15 430
15 429
15 428
15 427
15 426
15 425
15 424
15 423
13 424
13 425
13 426
13 427
13 428
13 429
13 430
13 431
13 432
13 433
13 434
13 435
13 436
13 437
13 438
13 439
14 439
14 438
14 437
14 436
14 435
14 434
14 433
14 432
14 431
14 430
14 429
14 428
14 427
14 426
14 425
14 424
29 468
29 467
29 466
29 465
29 464
29 463
29 462
29 461
29 460
29 459
29 458
29 457
29 456
29 455
29 454
29 453
29 452
29 451
29 450
29 449
29 448
29 447
29 446
29 445
29 444
29 443
29 442
29 441
29 440
29 439
29 438
29 437
29 436
29 435
29 434
29 433
29 432
29 431
29 430
29 429
29 428
29 427
29 426
29 425
29 424
29 423
29 422
29 421
29 420
29 419
29 418
29 417
29 416
29 415
29 414
29 413
29 412
29 411
29 410
29 409
29 408
29 407
29 406
29 405
29 404
29 403
29 402
29 401
29 400
29 399
29 398
29 397
29 396
29 395
29 394
29 393
29 392
29 391
29 390
29 389
29 388
29 387
29 386
29 385
29 384
29 383
29 382
29 381
29 380
29 379
29 378
29 377
29 376
29 375
29 374
29 373
29 372
29 371
29 370
29 369
29 368
29 367
29 366
29 365
29 364
29 363
29 362
29 361
29 360
29 359
29 358
29 357
29 356
29 355
29 354
29 353
29 352
29 351
29 350
29 349
29 348
29 347
29 346
29 345
29 344
29 343
29 342
29 341
29 340
29 339
29 338
29 337
29 336
29 335
29 334
29 333
29 332
29 331
29 330
29 329
29 328
29 327
29 326
29 325
29 324
29 323
29 322
29 321
29 320
29 319
29 318
29 317
29 316
29 315
29 314
29 313
29 312
29 311
29 310
29 309
29 308
29 307
29 306
29 305
29 304
29 303
29 302
29 301
29 300
29 299
29 298
29 297
29 296
29 295
29 294
29 293
29 292
29 291
29 290
29 289
29 288
29 287
29 286
29 285
29 284
29 283
29 282
29 281
29 280
29 279
29 278
29 277
29 276
29 275
29 274
29 273
29 272
29 271
29 270
29 269
29 268
29 267
29 266
29 265
29 264
29 263
29 262
29 261
29 260
29 259
29 258
29 257
29 256
29 255
29 254
29 253
29 252
29 251
29 250
29 249
29 248
29 247
29 246
29 245
29 244
29 243
29 242
29 241
29 240
29 239
29 238
29 237
29 236
29 235
29 234
29 233
29 232
29 231
29 230
29 229
29 228
29 227
29 226
29 225
29 224
29 223
29 222
29 221
29 220
29 219
29 218
29 217
29 216
29 215
29 214
29 213
29 212
29 211
29 210
29 209
29 208
29 207
29 206
29 205
29 204
29 203
29 202
29 201
29 200
29 199
29 198
29 197
29 196
29 195
29 194
29 193
29 192
29 191
29 190
29 189
29 188
29 187
29 186
29 185
29 184
29 183
29 182
29 181
29 180
29 179
29 178
29 177
29 176
29 175
29 174
29 173
29 172
29 171
29 170
29 169
29 168
29 167
29 166
29 165
29 164
29 163
29 162
29 161
29 160
29 159
29 158
29 157
29 156
29 155
29 154
29 153
29 152
29 151
29 150
29 149
29 148
29 147
29 146
29 145
29 144
29 143
29 142
29 141
29 140
29 139
29 138
29 137
29 136
29 135
29 134
29 133
29 132
29 131
29 130
29 129
29 128
29 127
29 126
29 125
29 124
29 123
29 122
29 121
29 120
29 119
29 118
29 117
29 116
29 115
29 114
29 113
29 112
29 111
29 110
29 109
29 108
29 107
29 106
29 105
29 104
29 103
29 102
29 101
29 100
29 99
29 98
29 97
29 96
29 95
29 94
29 93
29 92
29 91
29 90
29 89
29 88
29 87
29 86
29 85
29 84
29 83
29 82
29 81
29 80
29 79
29 78
29 77
29 76
29 75
29 74
29 73
29 72
29 71
29 70
29 69
29 68
29 67
29 66
29 65
29 64
29 63
29 62
29 61
29 60
29 59
29 58
29 57
29 56
29 55
29 54
29 53
29 52
29 51
29 50
29 49
29 48
29 47
29 46
29 45
29 44
29 43
29 42
29 41
29 40
29 39
29 38
29 37
29 36
29 35
29 34
29 33
29 32
29 31
29 30
29 29
29 28
29 27
29 26
29 25
29 24
29 23
29 22
29 21
29 20
29 19
29 18
29 17
29 16
29 15
29 14
29 13
29 12
29 11
29 10
29 9
29 8
29 7
29 6
29 5
29 4
29 3
29 2
29 1
28 469
27 440
26 440
1 440
25 440
2 440
24 440
3 440
23 440
4 440
22 440
5 440
21 440
6 440
20 440
7 440
19 440
8 440
18 440
9 440
17 440
10 440
16 440
11 440
15 440
12 440
14 440
13 440
28 468
28 467
28 466
28 465
28 464
28 463
28 462
28 461
28 460
28 459
28 458
28 457
28 456
28 455
28 454
28 453
28 452
28 451
28 450
28 449
28 448
28 447
28 446
28 445
28 444
28 443
28 442
28 441
28 440
1 441
1 442
1 443
1 444
1 445
1 446
1 447
1 448
1 449
1 450
1 451
1 452
1 453
1 454
1 455
1 456
1 457
1 458
1 459
1 460
1 461
1 462
1 463
1 464
1 465
1 466
1 467
1 468
1 469
27 469
26 441
25 441
24 441
2 441
23 441
3 441
22 441
4 441
21 441
5 441
20 441
6 441
19 441
7 441
18 441
8 441
17 441
9 441
16 441
10 441
15 441
11 441
14 441
12 441
13 441
27 468
27 467
27 466
27 465
27 464
27 463
27 462
27 461
27 460
27 459
27 458
27 457
27 456
27 455
27 454
27 453
27 452
27 451
27 450
27 449
27 448
27 447
27 446
27 445
27 444
27 443
27 442
27 441
2 442
2 443
2 444
2 445
2 446
2 447
2 448
2 449
2 450
2 451
2 452
2 453
2 454
2 455
2 456
2 457
2 458
2 459
2 460
2 461
2 462
2 463
2 464
2 465
2 466
2 467
2 468
2 469
26 469
25 442
24 442
23 442
22 442
3 442
21 442
4 442
20 442
5 442
19 442
6 442
18 442
7 442
17 442
8 442
16 442
9 442
15 442
10 442
14 442
11 442
13 442
12 442
26 468
26 467
26 466
26 465
26 464
26 463
26 462
26 461
26 460
26 459
26 458
26 457
26 456
26 455
26 454
26 453
26 452
26 451
26 450
26 449
26 448
26 447
26 446
26 445
26 444
26 443
26 442
3 443
3 444
3 445
3 446
3 447
3 448
3 449
3 450
3 451
3 452
3 453
3 454
3 455
3 456
3 457
3 458
3 459
3 460
3 461
3 462
3 463
3 464
3 465
3 466
3 467
3 468
3 469
25 469
24 443
23 443
22 443
21 443
20 443
4 443
19 443
5 443
18 443
6 443
17 443
7 443
16 443
8 443
15 443
9 443
14 443
10 443
13 443
11 443
12 443
25 468
25 467
25 466
25 465
25 464
25 463
25 462
25 461
25 460
25 459
25 458
25 457
25 456
25 455
25 454
25 453
25 452
25 451
25 450
25 449
25 448
25 447
25 446
25 445
25 444
25 443
4 444
4 445
4 446
4 447
4 448
4 449
4 450
4 451
4 452
4 453
4 454
4 455
4 456
4 457
4 458
4 459
4 460
4 461
4 462
4 463
4 464
4 465
4 466
4 467
4 468
4 469
24 469
23 444
22 444
21 444
20 444
19 444
18 444
5 444
17 444
6 444
16 444
7 444
15 444
8 444
14 444
9 444
13 444
10 444
12 444
11 444
24 468
24 467
24 466
24 465
24 464
24 463
24 462
24 461
24 460
24 459
24 458
24 457
24 456
24 455
24 454
24 453
24 452
24 451
24 450
24 449
24 448
24 447
24 446
24 445
24 444
5 445
5 446
5 447
5 448
5 449
5 450
5 451
5 452
5 453
5 454
5 455
5 456
5 457
5 458
5 459
5 460
5 461
5 462
5 463
5 464
5 465
5 466
5 467
5 468
5 469
23 469
22 445
21 445
20 445
19 445
18 445
17 445
16 445
6 445
15 445
7 445
14 445
8 445
13 445
9 445
12 445
10 445
11 445
23 468
23 467
23 466
23 465
23 464
23 463
23 462
23 461
23 460
23 459
23 458
23 457
23 456
23 455
23 454
23 453
23 452
23 451
23 450
23 449
23 448
23 447
23 446
23 445
6 446
6 447
6 448
6 449
6 450
6 451
6 452
6 453
6 454
6 455
6 456
6 457
6 458
6 459
6 460
6 461
6 462
6 463
6 464
6 465
6 466
6 467
6 468
6 469
22 469
21 446
20 446
19 446
18 446
17 446
16 446
15 446
14 446
7 446
13 446
8 446
12 446
9 446
11 446
10 446
22 468
22 467
22 466
22 465
22 464
22 463
22 462
22 461
22 460
22 459
22 458
22 457
22 456
22 455
22 454
22 453
22 452
22 451
22 450
22 449
22 448
22 447
22 446
7 447
7 448
7 449
7 450
7 451
7 452
7 453
7 454
7 455
7 456
7 457
7 458
7 459
7 460
7 461
7 462
7 463
7 464
7 465
7 466
7 467
7 468
7 469
21 469
20 447
19 447
18 447
17 447
16 447
15 447
14 447
13 447
12 447
8 447
11 447
9 447
10 447
21 468
21 467
21 466
21 465
21 464
21 463
21 462
21 461
21 460
21 459
21 458
21 457
21 456
21 455
21 454
21 453
21 452
21 451
21 450
21 449
21 448
21 447
8 448
8 449
8 450
8 451
8 452
8 453
8 454
8 455
8 456
8 457
8 458
8 459
8 460
8 461
8 462
8 463
8 464
8 465
8 466
8 467
8 468
8 469
20 469
19 448
18 448
17 448
16 448
15 448
14 448
13 448
12 448
11 448
10 448
9 448
20 468
20 467
20 466
20 465
20 464
20 463
20 462
20 461
20 460
20 459
20 458
20 457
20 456
20 455
20 454
20 453
20 452
20 451
20 450
20 449
20 448
9 449
9 450
9 451
9 452
9 453
9 454
9 455
9 456
9 457
9 458
9 459
9 460
9 461
9 462
9 463
9 464
9 465
9 466
9 467
9 468
9 469
19 469
18 449
17 449
16 449
15 449
14 449
13 449
12 449
11 449
10 449
19 468
19 467
19 466
19 465
19 464
19 463
19 462
19 461
19 460
19 459
19 458
19 457
19 456
19 455
19 454
19 453
19 452
19 451
19 450
19 449
10 450
10 451
10 452
10 453
10 454
10 455
10 456
10 457
10 458
10 459
10 460
10 461
10 462
10 463
10 464
10 465
10 466
10 467
10 468
10 469
18 469
17 450
16 450
15 450
14 450
13 450
12 450
11 450
18 468
18 467
18 466
18 465
18 464
18 463
18 462
18 461
18 460
18 459
18 458
18 457
18 456
18 455
18 454
18 453
18 452
18 451
18 450
11 451
11 452
11 453
11 454
11 455
11 456
11 457
11 458
11 459
11 460
11 461
11 462
11 463
11 464
11 465
11 466
11 467
11 468
11 469
17 469
16 451
15 451
14 451
13 451
12 451
17 468
17 467
17 466
17 465
17 464
17 463
17 462
17 461
17 460
17 459
17 458
17 457
17 456
17 455
17 454
17 453
17 452
17 451
12 452
12 453
12 454
12 455
12 456
12 457
12 458
12 459
12 460
12 461
12 462
12 463
12 464
12 465
12 466
12 467
12 468
12 469
16 469
15 452
14 452
13 452
16 468
16 467
16 466
16 465
16 464
16 463
16 462
16 461
16 460
16 459
16 458
16 457
16 456
16 455
16 454
16 453
16 452
13 453
13 454
13 455
13 456
13 457
13 458
13 459
13 460
13 461
13 462
13 463
13 464
13 465
13 466
13 467
13 468
13 469
15 469
14 453
15 468
15 467
15 466
15 465
15 464
15 463
15 462
15 461
15 460
15 459
15 458
15 457
15 456
15 455
15 454
15 453
14 454
14 455
14 456
14 457
14 458
14 459
14 460
14 461
14 462
14 463
14 464
14 465
14 466
14 467
14 468
14 469
5
